Time_s,Car_Speed_kmph
0.0,-0.0049197413
0.5,0.01899153096
1.0,0.238539778
1.5,0.435599077
2.0,0.617470739
2.5,0.799853214
3.0,1.057654888
3.5,1.36563822
4.0,1.51669379
4.5,1.32049229
5.0,0.862807101
5.5,0.343205422
6.0,-0.1086559521
6.5,-0.435645277
7.0,-0.674427415
7.5,-0.686138796
8.0,-0.472136483
8.5,-0.1425177281
9.0,-0.00893473438
9.5,-0.00341845443
10.0,-0.0048148426
10.5,-0.0239580131
11.0,-0.2030284036
11.5,-0.434777954
12.0,-0.646359074
12.5,-0.847220565
13.0,-1.035342002
13.5,-1.17008529
14.0,-1.27402906
14.5,-1.42551634
15.0,-1.47978515
15.5,-1.029670485
16.0,-0.3043163545
16.5,-0.1040543348
17.0,-0.298820107
17.5,-0.446802184
18.0,-0.548443614
18.5,-0.644557832
19.0,-0.622274847
19.5,-0.1676164552
20.0,0.48555855
20.5,1.090068302
21.0,1.75071478
21.5,2.45047582
22.0,3.08866191
22.5,3.6869895
23.0,4.25740544
23.5,4.71874653
24.0,5.11883205
24.5,5.58633064
25.0,6.0340893
25.5,6.43657807
26.0,7.02992771
26.5,7.81921924
27.0,8.5119104
27.5,9.10541395
28.0,9.7247963
28.5,10.19649735
29.0,10.515794
29.5,10.8248208
30.0,11.1398594
30.5,11.5263285
31.0,11.9501193
31.5,12.2604694
32.0,12.50384545
32.5,12.86408315
33.0,13.3330272
33.5,13.8166584
34.0,14.3271226
34.5,14.85523055
35.0,15.296458
35.5,15.5012954
36.0,15.5369744
36.5,15.6540444
37.0,15.88967485
37.5,16.1529988
38.0,16.4770891
38.5,17.0242594
39.0,17.66425
39.5,18.1552718
40.0,18.597446
40.5,19.0673055
41.0,19.5663516
41.5,20.0861996
42.0,20.6162404
42.5,21.1535616
43.0,21.645742
43.5,22.1077115
44.0,22.5710984
44.5,23.0338938
45.0,23.4629605
45.5,23.7678653
46.0,23.9402592
46.5,23.9987919
47.0,24.0053397
47.5,24.0245777
48.0,24.0324587
48.5,24.0855161
49.0,23.491322
49.5,20.3795267
50.0,15.1599756
50.5,9.65528645
51.0,4.06945114
51.5,0.13781314746
52.0,0.0021616018
52.5,0.00229708886
53.0,0.00281295877
53.5,0.00358599519
54.0,0.00394505357
54.5,0.00941517801
55.0,0.1136754918
55.5,0.24760848
56.0,0.357336968
56.5,0.449392336
57.0,0.574565684
57.5,0.820984149
58.0,1.16871097
58.5,1.53026483
59.0,1.88387945
59.5,2.20916366
60.0,2.52247148
60.5,2.87448006
61.0,3.25234147
61.5,3.59754651
62.0,3.88781548
62.5,4.09236716
63.0,4.2186429
63.5,4.30024284
64.0,4.35237058
64.5,4.4005181
65.0,4.48140022
65.5,4.67955585
66.0,4.99194293
66.5,5.37600473
67.0,5.80871045
67.5,6.24810975
68.0,6.79706575
68.5,7.75740658
69.0,8.9545623
69.5,9.7820135
70.0,10.1525899
70.5,10.13791055
71.0,9.96717635
71.5,9.87700125
72.0,10.19961385
72.5,10.564327
73.0,10.95989575
73.5,11.47973855
74.0,12.0926108
74.5,12.68122125
75.0,13.30692245
75.5,13.9309069
76.0,14.4213429
76.5,14.8480924
77.0,15.2783522
77.5,15.70838465
78.0,16.1555664
78.5,16.6651657
79.0,17.2417876
79.5,17.8788801
80.0,18.5845276
80.5,19.3823875
81.0,20.251907
81.5,21.1299006
82.0,21.90394
82.5,22.1364318
83.0,22.4014651
83.5,23.526596
84.0,24.5801766
84.5,25.5970756
85.0,26.6308557
85.5,27.665217
86.0,28.6979404
86.5,29.7288733
87.0,30.7100286
87.5,31.5174916
88.0,32.1588762
88.5,32.7043473
89.0,33.1860641
89.5,33.6583242
90.0,34.1507671
90.5,34.7157694
91.0,35.3146791
91.5,35.8994003
92.0,35.9397241
92.5,34.0703265
93.0,30.5830753
93.5,26.879009
94.0,23.1070615
94.5,18.8897593
95.0,14.25008705
95.5,10.0574921
96.0,6.71206885
96.5,4.55964515
97.0,3.40717966
97.5,2.40301959
98.0,1.409194956
98.5,0.4225092179
99.0,0.0133805173
99.5,0.2892810648
100.0,1.12257383
100.5,2.04326097
101.0,3.00205994
101.5,4.10415564
102.0,5.32687566
102.5,6.56423029
103.0,7.77328557
103.5,8.88403195
104.0,9.91251195
104.5,10.92922365
105.0,11.9452992
105.5,12.9606217
106.0,13.9369734
106.5,14.7691244
107.0,15.47972915
107.5,16.1746498
108.0,16.8694667
108.5,17.5627055
109.0,17.7782808
109.5,16.2856065
110.0,13.4326803
110.5,10.6331182
111.0,8.04293841
111.5,5.47991008
112.0,2.85566909
112.5,0.37605884827
113.0,0.00404615954
113.5,0.00405482378
114.0,0.00405493417
114.5,0.00405737568
115.0,0.00416615063
115.5,0.00432734352
116.0,0.00536218185
116.5,0.00694691623
117.0,0.00753476129
117.5,0.00751701015
118.0,0.00751649198
118.5,0.00753703406
119.0,0.0093577762
119.5,0.0862607649
120.0,0.602984321
120.5,1.201983683
121.0,1.80091571
121.5,2.39975067
122.0,2.98024463
122.5,3.49518007
123.0,3.87676285
123.5,3.91511411
124.0,3.65141783
124.5,3.3454513
125.0,3.21542494
125.5,3.67152516
126.0,4.59755471
126.5,5.58119473
127.0,6.60866602
127.5,7.79603665
128.0,9.1174536
128.5,10.455585
129.0,11.75189065
129.5,12.90156485
130.0,13.92856215
130.5,14.9380584
131.0,15.9466909
131.5,16.954402
132.0,17.9611334
132.5,18.9668178
133.0,19.9638549
133.5,20.9313841
134.0,21.8707652
134.5,22.8039738
135.0,23.7652767
135.5,24.8203621
136.0,25.9515302
136.5,27.0916478
137.0,28.2260688
137.5,29.3249872
138.0,30.3878061
138.5,31.4927454
139.0,32.6163187
139.5,33.7198391
140.0,34.8192421
140.5,35.895731
141.0,36.9388791
141.5,37.9517708
142.0,38.9766431
142.5,40.11791
143.0,41.3485202
143.5,42.5619552
144.0,43.7434836
144.5,44.8950591
145.0,45.9944731
145.5,46.9765944
146.0,47.8617318
146.5,48.7213618
147.0,49.5650572
147.5,50.3926493
148.0,51.2043622
148.5,52.0004558
149.0,52.7632451
149.5,53.4453061
150.0,54.0639177
150.5,54.6671169
151.0,55.2612324
151.5,55.8460358
152.0,56.4217679
152.5,56.9886817
153.0,57.5470173
153.5,58.097003
154.0,58.6388572
154.5,59.172845
155.0,59.7507179
155.5,60.5276706
156.0,61.462615
156.5,62.3939704
157.0,63.3054565
157.5,64.1995495
158.0,65.0769219
158.5,65.938166
159.0,66.7838406
159.5,67.6144336
160.0,68.4303579
160.5,69.2318643
161.0,70.0175129
161.5,70.9153797
162.0,72.0236577
162.5,72.9218699
163.0,73.5234065
163.5,73.9816655
164.0,74.3926915
164.5,74.9196585
165.0,75.5276111
165.5,76.2243482
166.0,77.2616106
166.5,78.451861
167.0,79.6049239
167.5,80.7349216
168.0,81.8428146
168.5,82.9291996
169.0,84.03425
169.5,85.2705338
170.0,86.6061832
170.5,87.9249787
171.0,89.1766595
171.5,90.2549952
172.0,91.100149
172.5,91.566077
173.0,91.7302159
173.5,91.8593891
174.0,92.1282699
174.5,92.935782
175.0,94.1720295
175.5,95.4230069
176.0,96.6674728
176.5,97.8266378
177.0,98.8486725
177.5,99.8198265
178.0,100.7759384
178.5,101.715029
179.0,102.637399
179.5,103.5434475
180.0,104.4335929
180.5,105.3079359
181.0,106.015589
181.5,106.1697251
182.0,105.9742228
182.5,106.1152085
183.0,106.565762
183.5,107.018155
184.0,107.4606145
184.5,107.9134144
185.0,108.3642925
185.5,108.808866
186.0,109.2471299
186.5,109.679549
187.0,110.1370974
187.5,110.5224076
188.0,110.7938331
188.5,111.058892
189.0,111.3418062
189.5,111.6228301
190.0,111.9000121
190.5,112.1735624
191.0,112.4389
191.5,112.6836835
192.0,112.9114406
192.5,113.1349694
193.0,113.3557749
193.5,113.5738723
194.0,113.8553223
194.5,114.376811
195.0,115.0814279
195.5,115.7854492
196.0,116.4087886
196.5,116.7819284
197.0,116.950366
197.5,117.0107169
198.0,116.9640155
198.5,116.9265984
199.0,116.9802274
199.5,117.1014524
200.0,117.21679
200.5,117.3304512
201.0,117.434221
201.5,117.5455524
202.0,117.6533241
202.5,117.6400376
203.0,117.517324
203.5,117.3824342
204.0,117.34864
204.5,117.3473224
205.0,117.3037045
205.5,117.2250802
206.0,117.1314312
206.5,117.0299071
207.0,116.9240501
207.5,116.8159855
208.0,116.716599
208.5,116.662093
209.0,116.668096
209.5,116.7134016
210.0,116.7791975
210.5,116.8542513
211.0,116.93293
211.5,117.0128524
212.0,117.092626
212.5,117.1690555
213.0,117.2396314
213.5,117.3214669
214.0,117.480022
214.5,117.7319968
215.0,116.337065
215.5,109.0307011
216.0,98.4245775
216.5,92.896611
217.0,92.2046044
217.5,92.1786122
218.0,92.1449292
218.5,92.1116868
219.0,92.1251425
219.5,92.3899125
220.0,92.789241
220.5,93.0437551
221.0,93.166744
221.5,93.272743
222.0,93.3806409
222.5,93.4869223
223.0,93.5919419
223.5,93.6957404
224.0,93.798332
224.5,93.8997281
225.0,93.9999432
225.5,94.09899
226.0,94.1968801
226.5,94.293629
227.0,94.389246
227.5,94.483748
228.0,94.5771429
228.5,94.6694461
229.0,94.760665
229.5,94.8508395
230.0,94.9577019
230.5,95.1349883
231.0,95.3737392
231.5,95.6165661
232.0,95.8559432
232.5,96.0923832
233.0,96.3066385
233.5,96.4441296
234.0,96.2350215
234.5,94.9959296
235.0,92.915057
235.5,90.7382961
236.0,88.5842319
236.5,86.4525812
237.0,84.3431784
237.5,82.2561482
238.0,80.2413356
238.5,78.4546409
239.0,76.8675
239.5,75.3226248
240.0,73.801149
240.5,72.3054496
241.0,71.1210847
241.5,70.9793872
242.0,71.7444879
242.5,72.3933255
243.0,72.7865316
243.5,73.0778124
244.0,73.3882834
244.5,73.7100065
245.0,74.0211098
245.5,74.3167734
246.0,74.615213
246.5,74.91899
247.0,75.217535
247.5,75.5125684
248.0,75.8042442
248.5,76.0922939
249.0,76.3776119
249.5,76.6608792
250.0,76.9397951
250.5,77.213807
251.0,77.5138176
251.5,77.6696932
252.0,77.6381673
252.5,77.957154
253.0,78.4507389
253.5,78.8480577
254.0,79.0526691
254.5,79.3090658
255.0,79.556402
255.5,79.799807
256.0,80.0403491
256.5,80.27815
257.0,80.5132262
257.5,80.745608
258.0,80.975307
258.5,81.2023614
259.0,81.4268015
259.5,81.6486585
260.0,81.8679704
260.5,82.0847655
261.0,82.299078
261.5,82.5109415
262.0,82.7203846
262.5,82.9275916
263.0,83.1991034
263.5,83.91681
264.0,85.1506021
264.5,86.428985
265.0,87.6938367
265.5,88.9450336
266.0,90.0531925
266.5,90.6670325
267.0,90.8277795
267.5,91.0333953
268.0,91.5293368
268.5,92.6161631
269.0,94.0886313
269.5,95.5375358
270.0,96.9472061
270.5,98.326325
271.0,99.6762921
271.5,100.9980021
272.0,102.1077151
272.5,102.559599
273.0,102.497574
273.5,102.3323056
274.0,102.182121
274.5,102.0388778
275.0,101.892883
275.5,101.7481614
276.0,101.6497283
276.5,101.5874022
277.0,101.5504824
277.5,101.5504826
278.0,101.5424436
278.5,101.5341345
279.0,101.5257896
279.5,101.5174086
280.0,101.5089926
280.5,101.5005446
281.0,101.492066
281.5,101.483554
282.0,101.4750098
282.5,101.4665665
283.0,101.505311
283.5,101.8832881
284.0,102.769606
284.5,103.7117935
285.0,104.8050646
285.5,105.5301709
286.0,105.6654943
286.5,105.5718571
287.0,105.782258
287.5,106.2878113
288.0,106.6827598
288.5,107.0496676
289.0,107.4186975
289.5,107.5806106
290.0,107.5449591
290.5,107.4859819
291.0,107.4345276
291.5,107.3847971
292.0,107.6463261
292.5,107.986194
293.0,108.061761
293.5,107.9639924
294.0,107.7926751
294.5,107.599829
295.0,107.3942895
295.5,107.1907825
296.0,106.9787138
296.5,106.728562
297.0,106.466981
297.5,106.230793
298.0,106.0489721
298.5,105.9228935
299.0,105.8428916
299.5,105.7000135
300.0,105.659149
300.5,106.3462384
301.0,107.5216295
301.5,108.6801531
302.0,109.649073
302.5,110.0573615
303.0,110.0267022
303.5,109.938898
304.0,109.860891
304.5,109.7825376
305.0,109.7047341
305.5,109.6275836
306.0,109.5510862
306.5,109.4752321
307.0,109.4000126
307.5,109.3254246
308.0,109.2514595
308.5,109.1781105
309.0,109.1053719
309.5,109.0332484
310.0,108.9678241
310.5,108.9260019
311.0,108.904217
311.5,108.8849761
312.0,108.9114174
312.5,109.1102326
313.0,109.4469891
313.5,109.7909965
314.0,110.129083
314.5,110.4626209
315.0,110.7769134
315.5,111.0329243
316.0,111.2417732
316.5,111.44374
317.0,111.6435354
317.5,111.8407905
318.0,111.9990151
318.5,112.0203239
319.0,111.8592147
319.5,111.4958606
320.0,111.0838754
320.5,110.6877023
321.0,110.8145145
321.5,111.0414026
322.0,111.0382786
322.5,110.9521719
323.0,110.8734345
323.5,110.7949819
324.0,110.7171915
324.5,110.6414257
325.0,110.767561
325.5,110.930971
326.0,111.0487925
326.5,111.1440654
327.0,110.8279695
327.5,109.0755369
328.0,106.1420259
328.5,102.9826996
329.0,100.116996
329.5,97.9233525
330.0,96.0397049
330.5,95.6162071
331.0,96.3290069
331.5,96.9266561
332.0,97.2312249
332.5,97.3002896
333.0,97.0219481
333.5,96.086386
334.0,94.8442075
334.5,94.1510786
335.0,93.951179
335.5,93.8076938
336.0,93.6583159
336.5,93.5119489
337.0,93.7846624
337.5,94.084721
338.0,94.0840739
338.5,94.1652336
339.0,94.2250835
339.5,94.279064
340.0,94.332293
340.5,94.3848701
341.0,94.4368085
341.5,94.4881119
342.0,94.5387892
342.5,94.588843
343.0,94.6382832
343.5,94.687233
344.0,94.782659
344.5,95.1823974
345.0,96.0395825
345.5,96.9455951
346.0,97.7484679
346.5,98.2033136
347.0,98.2877355
347.5,98.2628104
348.0,98.2731589
348.5,98.300019
349.0,98.3370024
349.5,98.2176746
350.0,97.940375
350.5,97.8667273
351.0,97.9756135
351.5,97.949961
352.0,97.8830105
352.5,97.811312
353.0,97.7402405
353.5,97.6697685
354.0,97.5998741
354.5,97.5305556
355.0,97.4618155
355.5,97.3936621
356.0,97.3386541
356.5,97.329177
357.0,97.377262
357.5,97.5115831
358.0,97.6924326
358.5,97.7805116
359.0,97.7845502
359.5,97.7644166
360.0,97.7527733
360.5,97.7429231
361.0,97.9558806
361.5,99.0578385
362.0,100.6200779
362.5,101.3940315
363.0,101.4590526
363.5,101.4299008
364.0,101.4169936
364.5,101.3743899
365.0,101.3092161
365.5,101.2414745
366.0,101.181836
366.5,101.1492502
367.0,101.0244275
367.5,100.6913416
368.0,100.4060575
368.5,101.784147
369.0,104.2917296
369.5,107.0027174
370.0,109.9082325
370.5,111.7603875
371.0,112.5584453
371.5,113.3141647
372.0,114.0948101
372.5,114.9814738
373.0,115.9542509
373.5,116.9303241
374.0,117.8966909
374.5,118.8538815
375.0,119.8014084
375.5,120.7391099
376.0,121.547828
376.5,121.9215139
377.0,121.9040994
377.5,121.7824324
378.0,121.6971699
378.5,121.6646965
379.0,121.6024716
379.5,121.4204662
380.0,121.1603788
380.5,121.0083044
381.0,120.9541105
381.5,120.9129705
382.0,120.8034695
382.5,120.4497595
383.0,119.8949901
383.5,119.3177039
384.0,118.733733
384.5,118.1461543
385.0,117.6289637
385.5,117.0315084
386.0,116.3998855
386.5,116.0057191
387.0,115.8237916
387.5,115.671995
388.0,115.6164849
388.5,115.5047415
389.0,115.38895
389.5,115.8390665
390.0,117.1908821
390.5,118.0193395
391.0,118.1868364
391.5,118.139246
392.0,118.0208773
392.5,117.908637
393.0,117.7544035
393.5,117.5778451
394.0,117.4070184
394.5,117.2375601
395.0,117.0857249
395.5,116.999362
396.0,116.969858
396.5,116.946858
397.0,116.9425299
397.5,117.0102289
398.0,117.1004921
398.5,117.058555
399.0,116.9034216
399.5,116.736026
400.0,116.6220789
400.5,116.465779
401.0,116.2350988
401.5,116.088408
402.0,115.9339109
402.5,115.77755
403.0,115.6225539
403.5,115.4689814
404.0,115.3168106
404.5,115.166036
405.0,115.0166385
405.5,114.8686051
406.0,114.7219232
406.5,114.576617
407.0,114.4413461
407.5,114.3337315
408.0,114.2611399
408.5,114.2025812
409.0,114.2428635
409.5,114.771763
410.0,115.6662721
410.5,116.5932009
411.0,117.4128016
411.5,117.8750723
412.0,117.9954838
412.5,118.0128706
413.0,118.0119515
413.5,118.0053941
414.0,117.9969538
414.5,117.9874799
415.0,117.978521
415.5,117.9766356
416.0,117.9858339
416.5,118.0026341
417.0,117.9880066
417.5,117.823643
418.0,117.5778891
418.5,117.43554
419.0,117.2824261
419.5,117.1160043
420.0,116.9381096
420.5,116.7682785
421.0,116.5996809
421.5,116.4329194
422.0,116.267735
422.5,116.10407
423.0,115.9419091
423.5,115.7812387
424.0,115.6220566
424.5,115.4643509
425.0,115.3081053
425.5,115.1531526
426.0,114.9758948
426.5,114.7204031
427.0,114.5651155
427.5,114.5122825
428.0,114.3302882
428.5,114.1828214
429.0,113.9923844
429.5,113.849525
430.0,113.7112339
430.5,113.5712728
431.0,113.4580645
431.5,113.446364
432.0,113.5038624
432.5,113.5093368
433.0,113.4636943
433.5,113.4125932
434.0,113.3575959
434.5,113.2855269
435.0,113.1996024
435.5,113.1130905
436.0,113.0530607
436.5,112.950474
437.0,112.7547069
437.5,112.600135
438.0,112.2101366
438.5,110.784928
439.0,108.5372034
439.5,106.1992455
440.0,103.882706
440.5,101.5883109
441.0,99.3169163
441.5,97.066753
442.0,95.174577
442.5,94.6720323
443.0,95.4721758
443.5,96.4292439
444.0,97.33007
444.5,98.0543275
445.0,98.6335587
445.5,99.1883325
446.0,99.7369784
446.5,100.280172
447.0,100.8192971
447.5,101.3518526
448.0,101.8078994
448.5,101.9610275
449.0,101.8594112
449.5,101.855808
450.0,101.8364865
450.5,101.8202454
451.0,101.7901184
451.5,101.7236145
452.0,101.706458
452.5,101.6696388
453.0,101.6306966
453.5,101.5920009
454.0,101.5535891
454.5,101.515503
455.0,101.4893205
455.5,101.4963254
456.0,101.5362671
456.5,101.5720253
457.0,101.5978836
457.5,101.607749
458.0,101.607386
458.5,101.6488319
459.0,101.7625922
459.5,101.9062285
460.0,102.0348404
460.5,102.1477598
461.0,102.7621962
461.5,104.3896376
462.0,106.6662609
462.5,108.9213065
463.0,111.1063771
463.5,113.2342059
464.0,115.3073719
464.5,117.3280617
465.0,119.3012849
465.5,121.3163325
466.0,123.1221324
466.5,123.8866959
467.0,123.76946
467.5,123.5494561
468.0,123.342229
468.5,123.1361969
469.0,122.9321402
469.5,122.7300557
470.0,122.529927
470.5,122.3317396
471.0,122.1459381
471.5,122.0041025
472.0,121.9008789
472.5,121.8029256
473.0,121.7056129
473.5,121.608493
474.0,121.3913202
474.5,120.9787174
475.0,120.5232138
475.5,120.540947
476.0,120.6211219
476.5,120.6032519
477.0,120.7500766
477.5,121.5425551
478.0,122.413688
478.5,121.6919385
479.0,119.6113306
479.5,117.4571981
480.0,115.4108429
480.5,113.419906
481.0,111.7289049
481.5,110.9776026
482.0,111.00116
482.5,111.1289595
483.0,111.2551859
483.5,111.3798949
484.0,111.503104
484.5,111.624834
485.0,111.745096
485.5,111.8639171
486.0,111.9813074
486.5,112.0972846
487.0,112.2118704
487.5,112.3250717
488.0,112.4369139
488.5,112.5474082
489.0,112.6565717
489.5,112.7644189
490.0,112.8709699
490.5,112.9762343
491.0,113.0802306
491.5,113.1829707
492.0,113.2844722
492.5,113.3898419
493.0,114.0824529
493.5,114.5019346
494.0,114.3792644
494.5,114.1507294
495.0,114.0267179
495.5,113.7153076
496.0,113.3041516
496.5,112.8739255
497.0,112.495323
497.5,112.4588975
498.0,112.3520431
498.5,112.2149135
499.0,112.0781478
499.5,111.942579
500.0,111.8083445
500.5,111.6754645
501.0,111.7233036
501.5,112.4930254
502.0,113.838286
502.5,115.210046
503.0,116.5471955
503.5,117.8570756
504.0,119.240451
504.5,120.9775612
505.0,122.9820075
505.5,124.9631436
506.0,126.9269454
506.5,128.677009
507.0,130.125469
507.5,131.479177
508.0,132.809615
508.5,134.112621
509.0,135.388793
509.5,136.638837
510.0,137.863458
510.5,139.063172
511.0,140.089461
511.5,140.532732
512.0,140.496321
512.5,140.408807
513.0,140.326611
513.5,140.245425
514.0,140.133453
514.5,139.899807
515.0,139.670571
515.5,139.417619
516.0,139.066196
516.5,138.690673
517.0,138.416603
517.5,138.576474
518.0,139.080631
518.5,139.626007
519.0,140.16599
519.5,140.69784
520.0,139.865645
520.5,134.192435
521.0,124.5027711
521.5,114.2583399
522.0,104.0312829
522.5,93.893837
523.0,85.2269714
523.5,81.4816685
524.0,81.8154234
524.5,82.6970214
525.0,83.5698176
525.5,84.4335154
526.0,85.2881897
526.5,86.1339525
527.0,86.9716324
527.5,87.8013188
528.0,88.654819
528.5,89.6150698
529.0,90.6617279
529.5,91.7108874
530.0,92.6249305
530.5,93.0786969
531.0,93.1300438
531.5,93.1036976
532.0,92.943727
532.5,93.0050061
533.0,93.06865
533.5,93.1101709
534.0,93.1507434
534.5,93.1907845
535.0,93.2302626
535.5,93.2691819
536.0,93.3050431
536.5,93.3268222
537.0,93.4818711
537.5,94.2232401
538.0,95.414802
538.5,96.6159747
539.0,97.7874658
539.5,98.9357508
540.0,100.0616
540.5,101.1656504
541.0,102.2484705
541.5,103.310533
542.0,104.2525402
542.5,104.8032454
543.0,105.001361
543.5,105.0362995
544.0,104.9705744
544.5,104.8916826
545.0,104.7139375
545.5,104.169548
546.0,103.3248
546.5,102.6336121
547.0,102.225832
547.5,101.8516726
548.0,101.5107934
548.5,102.1277859
549.0,103.123369
549.5,103.5306904
550.0,103.967426
550.5,104.4323576
551.0,104.4952871
551.5,104.4583848
552.0,104.4635015
552.5,104.471252
553.0,104.478505
553.5,104.4855255
554.0,104.4923186
554.5,104.498942
555.0,104.5471592
555.5,104.754805
556.0,105.0918155
556.5,105.4373427
557.0,105.755772
557.5,105.8238997
558.0,105.6874085
558.5,105.571704
559.0,105.5108266
559.5,105.418264
560.0,105.3207586
560.5,105.2285213
561.0,105.1370765
561.5,105.0448797
562.0,104.9537574
562.5,104.8637445
563.0,104.7740895
563.5,104.6850086
564.0,104.657144
564.5,104.8047229
565.0,105.4921357
565.5,106.7862465
566.0,108.2763973
566.5,109.1937064
567.0,109.5826575
567.5,109.6779031
568.0,109.571914
568.5,109.4392675
569.0,109.314277
569.5,109.1896627
570.0,109.0658285
570.5,108.9429671
571.0,108.7936971
571.5,108.5794716
572.0,108.4236069
572.5,108.5025029
573.0,108.6735889
573.5,108.853027
574.0,109.0478859
574.5,109.3133867
575.0,109.6364774
575.5,109.9610299
576.0,110.0334283
576.5,109.2207503
577.0,107.6259768
577.5,105.7357785
578.0,103.9340864
578.5,103.010709
579.0,102.9739347
579.5,103.0294632
580.0,102.9769165
580.5,102.9044571
581.0,102.8361106
581.5,102.7691066
582.0,102.7025979
582.5,102.6365621
583.0,102.5709904
583.5,102.50588
584.0,102.4412265
584.5,102.3770281
585.0,102.3132751
585.5,102.2499666
586.0,102.1870997
586.5,102.1246665
587.0,102.0626636
587.5,102.001091
588.0,101.9399406
588.5,101.87921
589.0,101.8188946
589.5,101.7589915
590.0,101.6994964
590.5,101.6403942
591.0,101.577165
591.5,101.4882624
592.0,101.3979097
592.5,101.3458231
593.0,101.3023276
593.5,101.3060771
594.0,101.3949374
594.5,101.541707
595.0,101.7184728
595.5,101.9084493
596.0,102.1022093
596.5,102.2935025
597.0,100.9658694
597.5,94.2194026
598.0,82.9834231
598.5,71.1903405
599.0,60.9613718
599.5,56.1831935
600.0,55.9900183
600.5,56.2735446
601.0,56.2687027
601.5,56.7089271
602.0,57.152772
602.5,57.5548632
603.0,58.2450978
603.5,58.8470417
604.0,59.1926247
604.5,59.5674792
605.0,59.9342789
605.5,60.2957652
606.0,60.6526406
606.5,61.004998
607.0,61.3685208
607.5,61.7975604
608.0,62.3051385
608.5,62.8199733
609.0,63.3000583
609.5,63.6312021
610.0,63.9361365
610.5,64.059401
611.0,64.372328
611.5,65.68759
612.0,66.6166025
612.5,67.4079439
613.0,68.5189369
613.5,69.8035576
614.0,70.934166
614.5,71.5804149
615.0,71.835561
615.5,72.0502605
616.0,72.2727085
616.5,72.4918145
617.0,72.7083459
617.5,72.9223556
618.0,73.1338883
618.5,73.3499104
619.0,74.3109996
619.5,75.1968572
620.0,75.3717106
620.5,75.561753
621.0,75.751097
621.5,75.812793
622.0,75.7779561
622.5,75.9982135
623.0,76.2628249
623.5,76.8291601
624.0,77.466712
624.5,77.4798074
625.0,76.9541661
625.5,76.3575421
626.0,75.7550661
626.5,75.2396746
627.0,74.8791771
627.5,74.5728421
628.0,74.3513961
628.5,74.548284
629.0,75.1314808
629.5,75.744263
630.0,76.3318763
630.5,76.9017189
631.0,77.6844829
631.5,79.2645385
632.0,81.3343731
632.5,82.8724903
633.0,83.8983168
633.5,84.8593476
634.0,85.8971126
634.5,86.7668795
635.0,87.3379555
635.5,87.8173703
636.0,88.2787676
636.5,88.7328832
637.0,89.1805415
637.5,89.5072121
638.0,89.7243055
638.5,89.9005086
639.0,90.065888
639.5,90.2280436
640.0,90.389464
640.5,90.5503268
641.0,90.6769781
641.5,90.6651199
642.0,90.6711156
642.5,90.7223364
643.0,90.7649761
643.5,90.7471812
644.0,90.705474
644.5,90.9023979
645.0,91.1705701
645.5,91.4419394
646.0,91.746916
646.5,92.1916336
647.0,92.6833079
647.5,92.9393698
648.0,92.9900241
648.5,93.0040674
649.0,92.8011345
649.5,91.8571535
650.0,90.3027675
650.5,88.6778507
651.0,87.0677596
651.5,85.4727271
652.0,84.1439226
652.5,83.7488854
653.0,84.1272617
653.5,84.5989037
654.0,85.062246
654.5,85.5188675
655.0,85.9689251
655.5,86.4125398
656.0,86.849829
656.5,87.2808535
657.0,87.660601
657.5,87.8627593
658.0,87.9402225
658.5,88.0086804
659.0,88.073086
659.5,88.1836186
660.0,88.4543074
660.5,89.145362
661.0,90.1464145
661.5,91.1394636
662.0,92.139114
662.5,93.2246445
663.0,94.3680287
663.5,95.4891458
664.0,96.5868156
664.5,97.6633652
665.0,98.7938064
665.5,100.3500452
666.0,102.4008986
666.5,104.5279811
667.0,106.5345224
667.5,107.6690729
668.0,108.5267974
668.5,109.3763914
669.0,110.2171711
669.5,111.0504484
670.0,111.8758004
670.5,112.692649
671.0,113.5022521
671.5,114.3040444
672.0,115.0984451
672.5,115.8851596
673.0,116.6640282
673.5,117.4352191
674.0,118.0720055
674.5,118.2515238
675.0,118.0343665
675.5,117.751734
676.0,117.5064645
676.5,117.2658411
677.0,117.024951
677.5,116.7857804
678.0,116.5484962
678.5,116.3130548
679.0,116.0794131
679.5,115.8475625
680.0,115.6174872
680.5,115.389157
681.0,115.1612804
681.5,114.9761355
682.0,114.8942811
682.5,114.8302126
683.0,114.7366299
683.5,114.6122844
684.0,114.4941204
684.5,114.4641424
685.0,114.5085419
685.5,114.5596952
686.0,114.609302
686.5,114.6579844
687.0,114.705766
687.5,114.7518839
688.0,114.6778173
688.5,114.4192325
689.0,114.3922754
689.5,115.2345891
690.0,116.0132285
690.5,116.7756535
691.0,117.5238302
691.5,118.259445
692.0,118.9014382
692.5,119.2082776
693.0,119.2301558
693.5,119.2207209
694.0,119.2140676
694.5,119.2072401
695.0,119.200171
695.5,119.192865
696.0,119.1853164
696.5,119.1796819
697.0,119.551967
697.5,120.2681266
698.0,120.7991085
698.5,121.2203615
699.0,121.6392415
699.5,121.5120036
700.0,121.11598
700.5,120.8722779
701.0,120.5701602
701.5,120.2640787
702.0,119.9664104
702.5,119.696318
703.0,119.4571215
703.5,119.2129242
704.0,118.9770321
704.5,118.7803152
705.0,118.6763821
705.5,118.678739
706.0,118.6663809
706.5,118.6533173
707.0,118.6400701
707.5,118.6269476
708.0,118.640553
708.5,118.6036648
709.0,118.5072559
709.5,118.383871
710.0,118.2447396
710.5,118.109639
711.0,117.8982407
711.5,117.4188619
712.0,116.739398
712.5,116.1015052
713.0,115.5542929
713.5,115.1875001
714.0,114.9706402
714.5,114.784167
715.0,114.6054261
715.5,114.4304719
716.0,114.2765815
716.5,114.1885312
717.0,114.1536796
717.5,114.1244115
718.0,114.0947304
718.5,114.064765
719.0,113.9957475
719.5,113.921548
720.0,114.1185664
720.5,114.17145
721.0,114.0409376
721.5,113.858415
722.0,113.614126
722.5,113.2031525
723.0,112.701736
723.5,112.343469
724.0,112.1205869
724.5,111.9171553
725.0,111.7434317
725.5,111.7130411
726.0,111.8605596
726.5,111.8820245
727.0,111.7901442
727.5,112.002179
728.0,112.5334904
728.5,113.0945155
729.0,113.6503981
729.5,114.200891
730.0,114.6527091
730.5,114.7658749
731.0,114.5986745
731.5,114.3944622
732.0,114.1919199
732.5,113.9908134
733.0,113.7677571
733.5,113.4633309
734.0,113.1859444
734.5,113.2354663
735.0,113.563715
735.5,113.9266493
736.0,114.286367
736.5,114.6428834
737.0,114.995619
737.5,115.345555
738.0,115.6917694
738.5,116.0350836
739.0,116.3751184
739.5,116.7117062
740.0,117.0448709
740.5,117.3751145
741.0,117.7021666
741.5,118.0259861
742.0,118.367452
742.5,118.7760486
743.0,119.1708203
743.5,119.5586015
744.0,119.930304
744.5,120.2102804
745.0,120.4640481
745.5,120.7152704
746.0,120.9628271
746.5,121.4279894
747.0,122.2183599
747.5,123.0951586
748.0,123.8084975
748.5,123.9695597
749.0,123.6937434
749.5,123.4566231
750.0,123.306183
750.5,123.1659046
751.0,123.0261115
751.5,122.8874894
752.0,122.7500465
752.5,122.6145965
753.0,122.5796714
753.5,122.5079535
754.0,122.2899424
754.5,122.03286
755.0,121.790255
755.5,121.5875099
756.0,121.417992
756.5,121.2533914
757.0,121.1134806
757.5,121.06287
758.0,121.084579
758.5,121.112173
759.0,121.0639768
759.5,120.7935697
760.0,120.3902251
760.5,120.0385886
761.0,119.6518656
761.5,119.3171449
762.0,118.6829621
762.5,117.2465378
763.0,115.1418771
763.5,112.9612651
764.0,110.7981396
764.5,108.6523453
765.0,106.5241006
765.5,104.4148915
766.0,102.55062
766.5,101.5147195
767.0,101.3211105
767.5,101.8907467
768.0,102.7956711
768.5,103.2885877
769.0,103.4350612
769.5,103.530533
770.0,103.6216399
770.5,103.7136426
771.0,103.8063985
771.5,103.8838923
772.0,104.0056515
772.5,104.3524826
773.0,104.8702284
773.5,105.4073778
774.0,105.9526866
774.5,106.5151694
775.0,107.0720416
775.5,107.621292
776.0,108.0753372
776.5,108.2099454
777.0,108.159986
777.5,108.3126136
778.0,108.5917344
778.5,108.6485292
779.0,108.4650735
779.5,108.1832374
780.0,107.9530355
780.5,108.0537996
781.0,108.5793854
781.5,109.149358
782.0,109.713739
782.5,110.272901
783.0,110.7583656
783.5,110.9928984
784.0,111.0789713
784.5,111.3363046
785.0,111.7586696
785.5,112.200427
786.0,112.6378283
786.5,113.0713942
787.0,113.500876
787.5,113.9268468
788.0,114.3484294
788.5,114.766535
789.0,115.1808116
789.5,115.5854633
790.0,116.1450586
790.5,116.8839498
791.0,117.6140594
791.5,118.3318534
792.0,119.037582
792.5,119.7314046
793.0,120.3382329
793.5,120.6582016
794.0,120.7471496
794.5,120.8124044
795.0,120.8787491
795.5,120.944169
796.0,121.0089263
796.5,121.0203765
797.0,120.9688629
797.5,120.9043929
798.0,120.841323
798.5,120.7786895
799.0,120.7164626
799.5,120.6546372
800.0,120.5932086
800.5,120.5321734
801.0,120.471528
801.5,120.4108989
802.0,120.1544534
802.5,119.1960534
803.0,117.658706
803.5,116.0573395
804.0,114.6529286
804.5,113.9102765
805.0,113.7160264
805.5,113.5974755
806.0,113.5581664
806.5,113.8150202
807.0,114.2181905
807.5,114.3208305
808.0,114.1655311
808.5,113.98277
809.0,113.8789529
809.5,114.0636027
810.0,114.4768825
810.5,114.9002336
811.0,115.3146125
811.5,115.7227999
812.0,116.1249539
812.5,116.5209821
813.0,116.8427095
813.5,116.9117361
814.0,116.7769645
814.5,116.6210124
815.0,116.4678439
815.5,116.3158846
816.0,116.122454
816.5,115.7839155
817.0,115.3238875
817.5,114.814476
818.0,114.296942
818.5,113.7789434
819.0,113.2922794
819.5,112.8917669
820.0,112.5199831
820.5,112.2454635
821.0,111.950664
821.5,111.5505574
822.0,111.1278374
822.5,110.7373486
823.0,110.4412734
823.5,110.189169
824.0,109.9212811
824.5,109.6546235
825.0,109.3897895
825.5,109.1269593
826.0,108.8661105
826.5,108.6070595
827.0,108.3058735
827.5,107.908492
828.0,107.4911169
828.5,107.067562
829.0,106.6413832
829.5,106.2318229
830.0,106.3122251
830.5,106.4364196
831.0,106.2541726
831.5,105.9782862
832.0,105.7058008
832.5,105.4773995
833.0,105.2831701
833.5,105.193949
834.0,105.1675209
834.5,105.14216
835.0,105.1167259
835.5,105.0912925
836.0,105.0847855
836.5,105.148593
837.0,105.2687397
837.5,105.3921356
838.0,105.4911706
838.5,105.659495
839.0,106.0743973
839.5,106.5974395
840.0,107.1037171
840.5,107.6020765
841.0,108.005467
841.5,108.06064
842.0,107.8291238
842.5,107.556676
843.0,107.5549821
843.5,108.556431
844.0,110.2181977
844.5,110.810991
845.0,110.9615461
845.5,111.3509344
846.0,111.9635331
846.5,112.6014382
847.0,113.2339701
847.5,113.8606962
848.0,114.481886
848.5,115.097539
849.0,115.6412565
849.5,115.9446249
850.0,116.0486475
850.5,116.1249638
851.0,116.1519273
851.5,116.0095679
852.0,115.7102052
852.5,115.3748229
853.0,115.0324039
853.5,114.7296821
854.0,114.5802068
854.5,114.7943925
855.0,115.3312724
855.5,115.908219
856.0,116.480138
856.5,117.0451166
857.0,117.698503
857.5,118.6034846
858.0,119.5491915
858.5,120.1398796
859.0,120.6745329
859.5,121.2012754
860.0,120.2241579
860.5,113.9039942
861.0,104.6564014
861.5,100.553831
862.0,102.084222
862.5,103.9003628
863.0,104.8377648
863.5,105.6715827
864.0,106.484997
864.5,107.2271144
865.0,108.251537
865.5,109.0601479
866.0,109.269267
866.5,109.3363165
867.0,109.4105895
867.5,109.4844841
868.0,109.5685005
868.5,109.5514871
869.0,109.5207294
869.5,109.490018
870.0,109.45317
870.5,109.3956132
871.0,109.320903
871.5,109.2440455
872.0,109.1535365
872.5,109.1316432
873.0,109.2622587
873.5,109.8760046
874.0,110.775074
874.5,111.3940725
875.0,111.6984931
875.5,111.6727019
876.0,111.3922146
876.5,111.0750989
877.0,110.767283
877.5,110.4642931
878.0,110.1622184
878.5,109.8620947
879.0,109.5956426
879.5,109.4568221
880.0,109.4233401
880.5,109.4006455
881.0,109.3770927
881.5,109.3535232
882.0,109.3299592
882.5,109.3064032
883.0,109.282852
883.5,109.259243
884.0,109.1858259
884.5,108.9312347
885.0,108.5203156
885.5,108.050612
886.0,107.5750115
886.5,107.0982809
887.0,106.6221336
887.5,106.1473173
888.0,105.6742874
888.5,105.2033154
889.0,104.7345941
889.5,104.2682453
890.0,103.8044095
890.5,103.4705781
891.0,103.1657152
891.5,102.8920205
892.0,102.6688971
892.5,102.4100766
893.0,102.1520128
893.5,101.895667
894.0,101.6410386
894.5,101.388124
895.0,101.1387721
895.5,100.8955444
896.0,100.6947451
896.5,100.7024345
897.0,101.0218929
897.5,101.3777824
898.0,101.6565826
898.5,101.673308
899.0,101.4467276
899.5,101.1491776
900.0,100.8932306
900.5,100.6805221
901.0,100.4461791
901.5,100.2126103
902.0,100.0035933
902.5,99.7998211
903.0,99.6188275
903.5,99.4237494
904.0,99.2000424
904.5,98.9736727
905.0,98.749325
905.5,98.526556
906.0,98.289797
906.5,97.9953114
907.0,97.6713666
907.5,97.4536116
908.0,97.358785
908.5,97.188089
909.0,96.9790295
909.5,96.9209554
910.0,97.0659383
910.5,97.0480445
911.0,96.84858
911.5,96.6292449
912.0,96.4179871
912.5,96.2094826
913.0,96.0023543
913.5,95.7965615
914.0,95.5920945
914.5,95.388938
915.0,95.187087
915.5,94.9865256
916.0,94.787244
916.5,94.5892316
917.0,94.39248
917.5,94.1969714
918.0,94.0027039
918.5,93.809664
919.0,93.6178382
919.5,93.4272216
920.0,93.2377976
920.5,93.049537
921.0,92.8465126
921.5,92.5866636
922.0,92.2950135
922.5,92.0563449
923.0,91.869223
923.5,91.6900641
924.0,91.5116639
924.5,91.3345058
925.0,91.1584496
925.5,90.983341
926.0,90.7918074
926.5,90.5402164
927.0,90.2589566
927.5,90.0122135
928.0,89.6770597
928.5,89.4223417
929.0,89.249055
929.5,89.0856006
930.0,88.9225866
930.5,88.7606999
931.0,88.5999474
931.5,88.4403234
932.0,88.281815
932.5,88.124422
933.0,87.968131
933.5,87.812935
934.0,87.6588301
934.5,87.505839
935.0,87.387158
935.5,87.4012165
936.0,87.5294177
936.5,87.6670724
937.0,87.9966085
937.5,89.0500246
938.0,90.6428554
938.5,92.213804
939.0,93.7377869
939.5,95.226395
940.0,96.681321
940.5,98.1036206
941.0,99.2301785
941.5,99.4107485
942.0,98.9778229
942.5,98.5659366
943.0,98.2772655
943.5,97.977164
944.0,97.7016475
944.5,97.4434425
945.0,97.2083606
945.5,96.9296625
946.0,96.6441734
946.5,96.354674
947.0,93.1136029
947.5,79.3269649
948.0,59.7072135
948.5,49.4707314
949.0,48.1458425
949.5,48.3390706
950.0,48.7906012
950.5,49.2760007
951.0,49.7597624
951.5,50.2422368
952.0,50.6362648
952.5,50.7186408
953.0,50.5416173
953.5,50.330008
954.0,50.1192942
954.5,49.9091854
955.0,49.6996765
955.5,49.4907629
956.0,49.2824414
956.5,49.0747061
957.0,48.8675565
957.5,48.6609847
958.0,48.4549891
958.5,48.249564
959.0,48.0447065
959.5,47.8404119
960.0,47.6366766
960.5,47.4336455
961.0,47.3213445
961.5,47.957233
962.0,48.7654011
962.5,48.4260402
963.0,47.1627903
963.5,46.3619567
964.0,46.0752606
964.5,45.8570333
965.0,45.6393116
965.5,45.4223436
966.0,45.2057324
966.5,44.9903508
967.0,44.7802739
967.5,44.5727997
968.0,44.4029184
968.5,44.4154315
969.0,44.5818186
969.5,44.768246
970.0,44.9450942
970.5,45.0876682
971.0,45.2173828
971.5,45.4738848
972.0,45.6417914
972.5,45.6755536
973.0,45.9411926
973.5,46.4763512
974.0,47.0630138
974.5,47.6557107
975.0,48.2583934
975.5,48.7954318
976.0,48.8809796
976.5,48.6747117
977.0,48.4686784
977.5,48.2632416
978.0,48.0717598
978.5,48.1353133
979.0,48.2863501
979.5,48.2259556
980.0,48.21947
980.5,48.4753795
981.0,48.6724488
981.5,48.8626219
982.0,49.0506801
982.5,49.2365499
983.0,49.4202635
983.5,49.6018433
984.0,49.7579923
984.5,49.8250073
985.0,49.8227461
985.5,49.8131202
986.0,49.7384687
986.5,49.5634231
987.0,49.4107338
987.5,49.3023493
988.0,49.1474116
988.5,48.9763571
989.0,49.0832979
989.5,49.9156428
990.0,51.0296093
990.5,52.162757
991.0,53.3496525
991.5,54.7403101
992.0,56.2998927
992.5,57.8781601
993.0,59.451196
993.5,61.01888
994.0,62.5810885
994.5,64.1260262
995.0,65.49333
995.5,66.7792129
996.0,68.035928
996.5,69.2646832
997.0,70.4666856
997.5,71.6428776
998.0,72.794106
998.5,73.9213641
999.0,75.0255456
999.5,76.1074224
1000.0,77.167705
1000.5,78.2071533
1001.0,79.2265021
1001.5,80.2264265
1002.0,81.207527
1002.5,82.1702944
1003.0,83.1152836
1003.5,84.0430465
1004.0,84.9541034
1004.5,85.8489334
1005.0,86.7278795
1005.5,87.5918785
1006.0,88.3319075
1006.5,88.41052
1007.0,88.0886544
1007.5,87.7296195
1008.0,87.3716415
1008.5,87.0153596
1009.0,86.6608476
1009.5,86.3080945
1010.0,85.957078
1010.5,85.6077895
1011.0,85.260211
1011.5,84.9144803
1012.0,84.5971429
1012.5,84.3745809
1013.0,84.2320106
1013.5,84.1004538
1014.0,83.9694001
1014.5,83.8390498
1015.0,83.7094238
1015.5,83.5802915
1016.0,83.4496596
1016.5,83.2659387
1017.0,83.2069281
1017.5,83.3903175
1018.0,83.5728454
1018.5,83.9928336
1019.0,84.6039311
1019.5,85.2227436
1020.0,86.0121662
1020.5,87.4684841
1021.0,89.146818
1021.5,89.8266323
1022.0,89.6735036
1022.5,89.4274532
1023.0,89.18947
1023.5,88.9531253
1024.0,88.718248
1024.5,88.4848229
1025.0,88.2528421
1025.5,88.022573
1026.0,88.0826091
1026.5,89.2460802
1027.0,90.9987671
1027.5,91.9111394
1028.0,92.1182554
1028.5,92.2561108
1029.0,92.339037
1029.5,92.1899615
1030.0,91.8632535
1030.5,91.518691
1031.0,91.1729317
1031.5,90.8124485
1032.0,90.4403724
1032.5,90.0685238
1033.0,89.6985935
1033.5,89.3305587
1034.0,88.964402
1034.5,88.6001065
1035.0,88.2376576
1035.5,87.877038
1036.0,87.5182279
1036.5,87.1612126
1037.0,86.8059765
1037.5,86.4526793
1038.0,86.3501516
1038.5,87.528115
1039.0,89.4718844
1039.5,91.3995309
1040.0,93.2594725
1040.5,95.0717014
1041.0,96.8386286
1041.5,98.5619336
1042.0,100.0695554
1042.5,100.919836
1043.0,101.2566744
1043.5,101.5446596
1044.0,101.8347576
1044.5,102.1213215
1045.0,102.4042715
1045.5,102.6836599
1046.0,102.9595385
1046.5,103.2319574
1047.0,103.5009632
1047.5,103.7666135
1048.0,104.0289483
1048.5,104.2880215
1049.0,104.543874
1049.5,104.796454
1050.0,104.959012
1050.5,104.7900119
1051.0,104.3701404
1051.5,103.9209165
1052.0,103.474356
1052.5,103.0304444
1053.0,102.5918391
1053.5,102.1654124
1054.0,101.749483
1054.5,101.3370609
1055.0,100.9986042
1055.5,100.6902219
1056.0,100.5552875
1056.5,101.3398526
1057.0,102.8316876
1057.5,104.3267509
1058.0,105.7359284
1058.5,106.9621728
1059.0,108.047576
1059.5,109.105349
1060.0,109.9616865
1060.5,110.125718
1061.0,109.9685288
1061.5,110.0833088
1062.0,110.5044521
1062.5,110.974722
1063.0,111.4426195
1063.5,111.9071524
1064.0,112.3690034
1064.5,112.827687
1065.0,113.2831701
1065.5,113.73575
1066.0,114.1860231
1066.5,114.6330984
1067.0,115.0769714
1067.5,115.5181334
1068.0,115.9837005
1068.5,116.5443215
1069.0,117.1828576
1069.5,117.8285366
1070.0,118.4700601
1070.5,119.1064451
1071.0,119.7391101
1071.5,120.3671215
1072.0,120.8427769
1072.5,120.787586
1073.0,120.2921409
1073.5,119.7409204
1074.0,119.1974454
1074.5,118.6716351
1075.0,118.1610216
1075.5,117.6569649
1076.0,117.3544894
1076.5,117.5217658
1077.0,118.0673831
1077.5,118.6188096
1078.0,119.0656055
1078.5,119.1912966
1079.0,119.0722984
1079.5,118.8699865
1080.0,118.6635366
1080.5,118.4592654
1081.0,118.2134772
1081.5,117.8186965
1082.0,117.3208954
1082.5,116.8773389
1083.0,116.5491926
1083.5,116.4293302
1084.0,116.4285905
1084.5,116.2827005
1085.0,115.9983455
1085.5,115.6968069
1086.0,115.3978095
1086.5,115.099836
1087.0,114.804262
1087.5,114.5110891
1088.0,114.2193446
1088.5,113.9296429
1089.0,113.6419474
1089.5,113.3558975
1090.0,113.0718606
1090.5,112.7893526
1091.0,112.5091019
1091.5,112.2302826
1092.0,111.9533611
1092.5,111.6783449
1093.0,111.4053634
1093.5,111.1330855
1094.0,110.8355618
1094.5,110.4406252
1095.0,109.965451
1095.5,109.4820399
1096.0,109.0016541
1096.5,108.5245465
1097.0,108.0639758
1097.5,107.6539436
1098.0,107.2728169
1098.5,106.8513045
1099.0,106.393061
1099.5,105.9316815
1100.0,105.4730948
1100.5,105.0172729
1101.0,104.5641831
1101.5,104.1138017
1102.0,103.6663498
1102.5,103.2215415
1103.0,102.5758153
1103.5,101.212011
1104.0,99.4542723
1104.5,98.3470685
1105.0,97.8500741
1105.5,97.4384375
1106.0,97.0290967
1106.5,96.6220242
1107.0,96.2172
1107.5,95.8146227
1108.0,95.4246785
1108.5,95.0740415
1109.0,94.7563016
1109.5,94.4445023
1110.0,94.1343854
1110.5,93.8259385
1111.0,93.7934388
1111.5,94.3793151
1112.0,94.5127967
1112.5,95.0436334
1113.0,96.1316038
1113.5,97.284162
1114.0,98.3296829
1114.5,98.9745527
1115.0,98.9705231
1115.5,98.9435482
1116.0,99.258908
1116.5,99.6864824
1117.0,99.801658
1117.5,99.671836
1118.0,99.4484736
1118.5,99.2392968
1119.0,99.0623521
1119.5,98.80972
1120.0,98.4818109
1120.5,98.1558894
1121.0,97.8381726
1121.5,97.5175245
1122.0,97.1809079
1122.5,96.8082821
1123.0,96.4070337
1123.5,96.0038275
1124.0,95.622227
1124.5,95.313763
1125.0,95.1356536
1125.5,95.2101886
1126.0,95.4991314
1126.5,95.9200429
1127.0,96.2752468
1127.5,96.2998535
1128.0,96.0615822
1128.5,95.7952175
1129.0,95.506708
1129.5,95.2105422
1130.0,94.9543042
1130.5,94.6369699
1131.0,94.2461495
1131.5,93.8495971
1132.0,93.4551719
1132.5,93.0628515
1133.0,92.6726191
1133.5,92.284453
1134.0,91.8983354
1134.5,91.514244
1135.0,91.1321625
1135.5,90.7520702
1136.0,90.3739517
1136.5,89.9977848
1137.0,89.6241446
1137.5,89.2545225
1138.0,88.8885219
1138.5,88.5246118
1139.0,88.1625455
1139.5,87.8023024
1140.0,87.443865
1140.5,87.0872232
1141.0,86.7323559
1141.5,86.379247
1142.0,86.027882
1142.5,85.6782475
1143.0,85.3303216
1143.5,84.9840952
1144.0,84.6395507
1144.5,84.2966711
1145.0,83.9554484
1145.5,83.6158615
1146.0,83.2778959
1146.5,82.9415421
1147.0,82.6067844
1147.5,82.2736045
1148.0,81.9419926
1148.5,81.6119653
1149.0,81.2976755
1149.5,81.0354886
1150.0,81.1257055
1150.5,81.2611229
1151.0,81.2567551
1151.5,81.0762315
1152.0,80.8808324
1152.5,80.6198386
1153.0,80.4007866
1153.5,80.5771355
1154.0,81.7665765
1154.5,83.2368956
1155.0,84.5704945
1155.5,85.47361
1156.0,85.6122166
1156.5,85.6041391
1157.0,85.428275
1157.5,85.225907
1158.0,85.024842
1158.5,84.826905
1159.0,84.8739945
1159.5,84.95357
1160.0,84.7777616
1160.5,84.511493
1161.0,84.2795609
1161.5,84.0522626
1162.0,83.872852
1162.5,84.002601
1163.0,84.3961907
1163.5,84.7974296
1164.0,85.1897184
1164.5,85.576783
1165.0,85.8649889
1165.5,85.8164341
1166.0,85.5031625
1166.5,85.1560936
1167.0,84.810712
1167.5,84.4670075
1168.0,84.1249618
1168.5,83.7845626
1169.0,83.4457926
1169.5,83.1086401
1170.0,82.7730894
1170.5,82.439125
1171.0,82.1067362
1171.5,81.7759092
1172.0,81.446627
1172.5,81.1188771
1173.0,80.792647
1173.5,80.4679289
1174.0,80.1447004
1174.5,79.822953
1175.0,79.5026765
1175.5,79.18381
1176.0,78.8426394
1176.5,78.4180399
1177.0,77.9243635
1177.5,77.4231744
1178.0,76.9242069
1178.5,76.4274345
1179.0,75.9328321
1179.5,75.440377
1180.0,74.95005
1180.5,74.461866
1181.0,73.9995088
1181.5,73.624088
1182.0,73.3212424
1182.5,73.0293759
1183.0,72.7387272
1183.5,72.4492908
1184.0,72.1610515
1184.5,71.8740031
1185.0,71.588131
1185.5,71.3034561
1186.0,71.0301986
1186.5,70.794638
1187.0,70.5905315
1187.5,70.6358741
1188.0,70.8421735
1188.5,71.1561856
1189.0,71.6472133
1189.5,72.1493478
1190.0,72.714662
1190.5,72.9162894
1191.0,72.9097642
1191.5,72.757243
1192.0,72.484499
1192.5,72.196115
1193.0,71.9089208
1193.5,71.6229084
1194.0,71.3380683
1194.5,71.0543888
1195.0,70.7718205
1195.5,70.4900546
1196.0,70.20981
1196.5,69.9306891
1197.0,69.6526845
1197.5,69.3757862
1198.0,69.0999881
1198.5,68.8252814
1199.0,68.551653
1199.5,68.2790986
1200.0,68.0076115
1200.5,67.7378717
1201.0,67.4692745
1201.5,67.2016571
1202.0,66.934334
1202.5,66.6680344
1203.0,66.402752
1203.5,66.1375588
1204.0,65.8741839
1204.5,65.6119019
1205.0,65.3506042
1205.5,65.0902857
1206.0,64.8309352
1206.5,64.572546
1207.0,64.315112
1207.5,64.0586249
1208.0,63.8030767
1208.5,63.5486024
1209.0,63.3656826
1209.5,63.7023009
1210.0,64.9856613
1210.5,66.3107176
1211.0,67.581392
1211.5,68.6748035
1212.0,69.6899519
1212.5,70.9505396
1213.0,72.4592624
1213.5,74.087528
1214.0,75.7696424
1214.5,77.3843015
1215.0,78.9281579
1215.5,80.442111
1216.0,81.8365176
1216.5,82.847122
1217.0,83.5246236
1217.5,84.1701608
1218.0,84.8167362
1218.5,85.456489
1219.0,86.0862775
1219.5,86.7067628
1220.0,87.359084
1220.5,87.9233706
1221.0,88.2755715
1221.5,88.63593
1222.0,89.1971325
1222.5,89.84294
1223.0,90.4741175
1223.5,91.095403
1224.0,91.7071366
1224.5,92.3099425
1225.0,92.8781604
1225.5,93.0922905
1226.0,92.9625454
1226.5,92.7029482
1227.0,92.3543792
1227.5,92.0096691
1228.0,91.6381004
1228.5,91.2601506
1229.0,90.8841361
1229.5,90.5099375
1230.0,90.1377325
1230.5,89.7674433
1231.0,89.3990549
1231.5,89.032551
1232.0,88.6679095
1232.5,88.3051779
1233.0,87.9745881
1233.5,87.89686
1234.0,88.0980221
1234.5,88.2074334
1235.0,88.2480913
1235.5,88.0594915
1236.0,87.7205999
1236.5,87.5014726
1237.0,86.2659581
1237.5,80.957361
1238.0,73.412236
1238.5,69.5512264
1239.0,69.1391807
1239.5,69.197223
1240.0,69.2547294
1240.5,69.3117656
1241.0,69.3683376
1241.5,69.4244518
1242.0,69.4801105
1242.5,69.5348026
1243.0,69.3224153
1243.5,68.1587491
1244.0,66.5012985
1244.5,65.8049098
1245.0,65.9211235
1245.5,65.8861542
1246.0,65.6497122
1246.5,65.3882731
1247.0,65.1280275
1247.5,64.887437
1248.0,64.6377281
1248.5,64.3800616
1249.0,64.1432829
1249.5,63.8938608
1250.0,63.6398083
1250.5,63.3857876
1251.0,63.1326875
1251.5,62.8805016
1252.0,62.629223
1252.5,62.3789475
1253.0,62.2009373
1253.5,62.4775549
1254.0,63.3601944
1254.5,64.3154298
1255.0,65.2785854
1255.5,66.0218197
1256.0,66.4727545
1256.5,66.8897268
1257.0,67.3510538
1257.5,68.1333825
1258.0,69.0587464
1258.5,69.3423281
1259.0,69.1010655
1259.5,68.8263529
1260.0,68.552723
1260.5,68.2801653
1261.0,68.0086721
1261.5,67.7382434
1262.0,67.4767359
1262.5,67.2352877
1263.0,67.0090163
1263.5,66.7858284
1264.0,66.5634892
1264.5,66.351514
1265.0,66.610726
1265.5,67.3423019
1266.0,68.163783
1266.5,69.024518
1267.0,69.8813245
1267.5,70.7348266
1268.0,71.5848186
1268.5,72.4685539
1269.0,73.6091619
1269.5,74.7785095
1270.0,75.8907058
1270.5,76.9253144
1271.0,77.6722348
1271.5,77.5980319
1272.0,77.0734
1272.5,77.2686122
1273.0,78.0812911
1273.5,78.9093186
1274.0,79.6111022
1274.5,79.824498
1275.0,79.6034514
1275.5,79.329703
1276.0,79.0783208
1276.5,78.8968336
1277.0,78.7735669
1277.5,78.6587079
1278.0,78.5443655
1278.5,78.431096
1279.0,78.4030335
1279.5,78.4130494
1280.0,78.2818326
1280.5,78.1562444
1281.0,78.0435226
1281.5,77.9319456
1282.0,77.831971
1282.5,77.74823
1283.0,77.6659888
1283.5,77.5817443
1284.0,77.4989484
1284.5,77.4164254
1285.0,77.3348804
1285.5,77.2542005
1286.0,77.1729004
1286.5,77.091232
1287.0,77.0043153
1287.5,76.8109955
1288.0,76.5945005
1288.5,76.4054854
1289.0,76.2112195
1289.5,76.0140677
1290.0,75.8226565
1290.5,75.7206221
1291.0,75.828888
1291.5,75.9208671
1292.0,75.853059
1292.5,75.781446
1293.0,75.5374141
1293.5,74.8696831
1294.0,73.8502072
1294.5,72.77237
1295.0,71.6327655
1295.5,70.4385886
1296.0,69.2534279
1296.5,68.0901775
1297.0,66.8992985
1297.5,65.6926039
1298.0,64.6672589
1298.5,64.2737204
1299.0,64.4063109
1299.5,64.6101506
1300.0,64.784387
1300.5,64.8386808
1301.0,64.6440374
1301.5,64.3863394
1302.0,64.1295905
1302.5,63.8737827
1303.0,63.6189106
1303.5,63.3649652
1304.0,63.1119419
1304.5,62.859831
1305.0,62.608627
1305.5,62.3583562
1306.0,62.1260334
1306.5,62.0369533
1307.0,62.0704379
1307.5,62.0704555
1308.0,62.0684441
1308.5,62.0664046
1309.0,62.0643788
1309.5,62.0623618
1310.0,62.0603587
1310.5,62.0583685
1311.0,62.0563886
1311.5,62.0544212
1312.0,62.0524664
1312.5,62.0505218
1313.0,62.0485899
1313.5,62.0466703
1314.0,62.0447627
1314.5,62.0428042
1315.0,61.9980779
1315.5,61.8007838
1316.0,61.4845679
1316.5,61.1460502
1317.0,60.8089605
1317.5,60.4732645
1318.0,60.1384831
1318.5,59.8052379
1319.0,59.4844769
1319.5,59.2072268
1320.0,58.965038
1320.5,58.7273796
1321.0,58.4905184
1321.5,58.2544512
1322.0,58.01917
1322.5,57.7846702
1323.0,57.5509448
1323.5,57.317989
1324.0,57.0857986
1324.5,56.8543643
1325.0,56.6236849
1325.5,56.3937517
1326.0,56.1645614
1326.5,55.9361074
1327.0,55.7083845
1327.5,55.4816643
1328.0,55.3713654
1328.5,55.6731019
1329.0,56.264819
1329.5,56.7129584
1330.0,57.0028369
1330.5,57.2658421
1331.0,57.6698703
1331.5,58.2711715
1332.0,58.8759933
1332.5,59.4788108
1333.0,60.021304
1333.5,60.3191961
1334.0,60.3866318
1334.5,60.2794056
1335.0,60.0527487
1335.5,59.8113931
1336.0,59.570864
1336.5,59.3311554
1337.0,59.0922602
1337.5,58.8541717
1338.0,58.6168857
1338.5,58.3803962
1339.0,58.1446944
1339.5,57.9098114
1340.0,57.692203
1340.5,57.6778097
1341.0,57.8500028
1341.5,57.9668354
1342.0,58.070588
1342.5,58.2817142
1343.0,58.6823294
1343.5,59.1346392
1344.0,59.5757833
1344.5,60.0109041
1345.0,60.44025
1345.5,60.86314
1346.0,61.1852784
1346.5,61.5381463
1347.0,62.0355125
1347.5,62.5728927
1348.0,63.1504637
1348.5,63.7524223
1349.0,64.2101819
1349.5,64.5184411
1350.0,64.6163246
1350.5,64.700641
1351.0,64.7843445
1351.5,64.8674374
1352.0,64.949923
1352.5,65.0320158
1353.0,65.1115402
1353.5,65.1358654
1354.0,65.211595
1354.5,65.4929745
1355.0,65.9449206
1355.5,66.4185331
1356.0,66.7976239
1356.5,66.8446214
1357.0,66.615772
1357.5,66.3506878
1358.0,66.0866096
1358.5,65.824492
1359.0,65.5626396
1359.5,65.3015245
1360.0,65.0413892
1360.5,64.7822197
1361.0,64.5240101
1361.5,64.266755
1362.0,64.0104458
1362.5,63.7550753
1363.0,63.500329
1363.5,63.2462284
1364.0,62.8484837
1364.5,61.9335426
1365.0,60.5893075
1365.5,59.1933094
1366.0,57.8044371
1366.5,56.420763
1367.0,55.1864447
1367.5,54.4747632
1368.0,54.198741
1368.5,53.9828908
1369.0,53.7677065
1369.5,53.5531819
1370.0,53.3385093
1370.5,53.1216154
1371.0,52.9029824
1371.5,52.684843
1372.0,52.5699403
1372.5,53.1951077
1373.0,54.1767437
1373.5,54.7646406
1374.0,55.002087
1374.5,55.2425457
1375.0,55.3239951
1375.5,55.2342507
1376.0,55.406385
1376.5,56.3195683
1377.0,57.6566783
1377.5,59.0409027
1378.0,60.3031453
1378.5,61.0838635
1379.0,61.241824
1379.5,61.311073
1380.0,61.2251801
1380.5,61.0021335
1381.0,60.7799326
1381.5,60.5585603
1382.0,60.3380103
1382.5,60.1182759
1383.0,59.8993526
1383.5,59.6812343
1384.0,59.463915
1384.5,59.247494
1385.0,59.0473782
1385.5,58.8541733
1386.0,58.650131
1386.5,58.4404314
1387.0,58.2251826
1387.5,58.0070867
1388.0,57.7899928
1388.5,57.5737779
1389.0,57.4539766
1389.5,57.7169101
1390.0,58.1779681
1390.5,58.2688563
1391.0,58.071233
1391.5,57.8365602
1392.0,57.6127129
1392.5,57.3930452
1393.0,57.2470847
1393.5,57.4425625
1394.0,58.6185711
1394.5,60.0490562
1395.0,61.4572201
1395.5,62.8061502
1396.0,64.1045788
1396.5,65.3925649
1397.0,66.6759306
1397.5,67.9544312
1398.0,69.2400864
1398.5,70.5194784
1399.0,71.639285
1399.5,72.7205464
1400.0,73.7798784
1400.5,74.8180903
1401.0,75.8359556
1401.5,76.834188
1402.0,77.8134409
1402.5,78.7742994
1403.0,79.7173672
1403.5,80.643198
1404.0,81.5522245
1404.5,82.4446056
1405.0,83.1754084
1405.5,83.3330879
1406.0,81.0276135
1406.5,71.4455846
1407.0,55.9394117
1407.5,39.7861293
1408.0,23.4709739
1408.5,7.18364042347
1409.0,0.000517682689
1409.5,0.000352425283
1410.0,0.000239922226
1410.5,0.00016333299
1411.0,0.000111192973
1411.5,7.5697366e-05
1412.0,5.1532854e-05
1412.5,3.5082265e-05
1413.0,2.388312e-05
1413.5,1.6259025e-05
1414.0,1.1068733e-05
1414.5,7.535314e-06
1415.0,5.129851e-06
1415.5,3.492273e-06
1416.0,2.377451e-06
1416.5,1.618509e-06
1417.0,1.10184e-06
1417.5,7.50105e-07
1418.0,5.10652e-07
1418.5,3.47639e-07
1419.0,2.36664e-07
1419.5,1.61115e-07
1420.0,1.09683e-07
1420.5,7.4669e-08
1421.0,5.0833e-08
1421.5,3.4606e-08
1422.0,0.013887037863
1422.5,0.0123069783
1423.0,0.0083782666
1423.5,0.00583891285
1424.0,0.0795539877
1424.5,1.183695854
1425.0,2.80686514
1425.5,3.95175354
1426.0,4.39972875
1426.5,4.89237973
1427.0,4.54519156
1427.5,4.13044742
1428.0,3.95832065
1428.5,3.81945465
1429.0,3.68061909
1429.5,3.54181275
1430.0,3.40303468
1430.5,3.2642836
1431.0,3.12555851
1431.5,2.98689221
1432.0,2.86531769
1432.5,2.80467296
1433.0,3.40399351
1433.5,4.55906883
1434.0,2.92993960532
1434.5,0.00177931187
1435.0,0.00831835762
1435.5,0.00736901861
1436.0,0.001030036221
1436.5,0.00231327394
1437.0,0.00151865025
1437.5,0.00241877574
1438.0,0.00241286675
1438.5,0.00188613396
1439.0,0.00210643438
1439.5,0.00191354447
1440.0,0.00266477415
1440.5,0.002006719685
1441.0,0.00195612012
1441.5,0.00227462405
1442.0,0.0214331198
1442.5,0.425239296
1443.0,1.55753363
1443.5,2.70281185
1444.0,3.8311869
1444.5,4.86118592
1445.0,5.39334382
1445.5,6.4763978
1446.0,7.50638278
1446.5,7.83635686
1447.0,7.75883106
1447.5,8.27067628
1448.0,9.1314444
1448.5,9.3079436
1449.0,9.0271187
1449.5,8.7352962
1450.0,9.20720355
1450.5,10.0982473
1451.0,10.1537187
1451.5,10.01233275
1452.0,9.8710679
1452.5,9.72988325
1453.0,9.588777
1453.5,9.4477484
1454.0,9.3067961
1454.5,9.1659714
1455.0,9.0515313
1455.5,9.06130735
1456.0,9.9116827
1456.5,11.006364
1457.0,12.00287255
1457.5,12.8387141
1458.0,13.49079955
1458.5,13.51673235
1459.0,13.37312
1459.5,13.2296435
1460.0,13.0994234
1460.5,13.0162122
1461.0,13.01140545
1461.5,13.6728793
1462.0,14.49830795
1462.5,15.19347925
1463.0,15.7019476
1463.5,15.6540514
1464.0,15.508662
1464.5,15.3659661
1465.0,15.6871839
1465.5,16.2556201
1466.0,16.223099
1466.5,16.0771923
1467.0,15.9313675
1467.5,15.7856933
1468.0,15.6401862
1468.5,15.494809
1469.0,15.3495613
1469.5,15.20444135
1470.0,15.05944735
1470.5,14.91457855
1471.0,14.76983395
1471.5,14.625211
1472.0,14.48071
1472.5,14.3363284
1473.0,14.19206565
1473.5,14.04792
1474.0,13.90389045
1474.5,13.75997575
1475.0,13.6161743
1475.5,13.472485
1476.0,13.3289067
1476.5,13.1856083
1477.0,13.1280045
1477.5,13.7842432
1478.0,15.6304827
1478.5,17.467794
1479.0,19.237596
1479.5,21.098685
1480.0,22.9487244
1480.5,24.1757419
1481.0,24.5484191
1481.5,24.6466984
1482.0,24.3085713
1482.5,22.9987643
1483.0,21.1900011
1483.5,20.2610817
1484.0,20.0161
1484.5,19.8662734
1485.0,19.7166166
1485.5,19.5671381
1486.0,19.428061
1486.5,19.4076673
1487.0,19.5204111
1487.5,19.655
1488.0,20.3822909
1488.5,21.6769264
1489.0,22.6388128
1489.5,23.5821541
1490.0,24.5231894
1490.5,25.4620083
1491.0,26.4285161
1491.5,28.2891846
1492.0,30.7897947
1492.5,33.4183038
1493.0,36.1326036
1493.5,38.8883083
1494.0,41.6802157
1494.5,44.5007446
1495.0,47.1870959
1495.5,49.105768
1496.0,50.6522775
1496.5,51.8844965
1497.0,52.4819289
1497.5,53.049024
1498.0,54.7192214
1498.5,56.8940925
1499.0,59.1261112
1499.5,61.0371692
1500.0,61.7950833
1500.5,61.8371916
1501.0,61.7229285
1501.5,61.9305819
1502.0,61.7060466
1502.5,61.458946
1503.0,61.2130789
1503.5,60.9685589
1504.0,60.7240405
1504.5,60.4803711
1505.0,60.2375445
1505.5,59.9955553
1506.0,59.7543955
1506.5,59.514062
1507.0,59.2744784
1507.5,59.0334104
1508.0,57.86381
1508.5,53.36908
1509.0,47.0566567
1509.5,43.9013077
1510.0,43.9958645
1510.5,44.2783252
1511.0,44.5225969
1511.5,44.8847986
1512.0,45.4384506
1512.5,45.8569609
1513.0,46.0728854
1513.5,46.2674284
1514.0,46.4672866
1514.5,46.6675185
1515.0,46.8489656
1515.5,46.9598755
1516.0,47.0106303
1516.5,47.0548937
1517.0,47.0656665
1517.5,46.9571981
1518.0,46.7664155
1518.5,46.5655824
1519.0,46.3653522
1519.5,46.3157949
1520.0,46.190355
1520.5,45.9910783
1521.0,45.8021155
1521.5,45.6485986
1522.0,45.6210136
1522.5,45.9240236
1523.0,46.0869864
1523.5,46.2352239
1524.0,46.6051767
1524.5,47.8025682
1525.0,49.3504182
1525.5,49.9913061
1526.0,49.8758877
1526.5,49.6664742
1527.0,49.4576538
1527.5,49.2907653
1528.0,49.123421
1528.5,48.9161748
1529.0,48.7094676
1529.5,48.5033362
1530.0,48.2977775
1530.5,48.0927871
1531.0,47.8883605
1531.5,47.6844945
1532.0,47.4811847
1532.5,47.2784282
1533.0,47.0762188
1533.5,46.8746811
1534.0,46.9125134
1534.5,47.3649233
1535.0,47.9436779
1535.5,48.5602104
1536.0,49.1107037
1536.5,49.4303988
1537.0,49.5568915
1537.5,49.6575985
1538.0,49.7582495
1538.5,49.8578674
1539.0,49.9574054
1539.5,50.0572078
1540.0,50.1925613
1540.5,50.4604162
1541.0,50.7608642
1541.5,50.7862925
1542.0,50.594037
1542.5,50.3825636
1543.0,50.1716973
1543.5,49.9614383
1544.0,49.7517806
1544.5,49.5624949
1545.0,49.3788016
1545.5,49.1707963
1546.0,48.9633761
1546.5,48.756537
1547.0,48.5502316
1547.5,48.3445133
1548.0,48.1393937
1548.5,47.9348393
1549.0,47.7308467
1549.5,47.5274112
1550.0,47.3245283
1550.5,47.1221949
1551.0,46.9204071
1551.5,46.7191604
1552.0,46.518454
1552.5,46.3182811
1553.0,46.118638
1553.5,45.919522
1554.0,45.7209304
1554.5,45.5228574
1555.0,45.3253007
1555.5,45.1282575
1556.0,44.9317226
1556.5,44.7356925
1557.0,44.5401646
1557.5,44.3452216
1558.0,44.1519942
1558.5,43.9587426
1559.0,43.7656978
1559.5,43.5726214
1560.0,43.3800268
1560.5,43.1873694
1561.0,42.9951894
1561.5,42.8040222
1562.0,42.6133235
1562.5,42.4230886
1563.0,42.2333175
1563.5,42.0440035
1564.0,41.8551461
1564.5,41.6667413
1565.0,41.4787852
1565.5,41.2912756
1566.0,41.1042091
1566.5,40.9175827
1567.0,40.7313936
1567.5,40.5456394
1568.0,40.3603158
1568.5,40.17542
1569.0,39.9909494
1569.5,39.8069002
1570.0,39.6232717
1570.5,39.4400598
1571.0,39.2572612
1571.5,39.0748732
1572.0,38.8928935
1572.5,38.7113182
1573.0,38.5301458
1573.5,38.3493738
1574.0,38.1689977
1574.5,37.9890157
1575.0,37.8094256
1575.5,37.6302241
1576.0,37.4514081
1576.5,37.2730519
1577.0,37.1334096
1577.5,37.1308079
1578.0,37.4956343
1578.5,39.5736616
1579.0,41.9226901
1579.5,44.261367
1580.0,46.5940211
1580.5,48.920882
1581.0,51.3067301
1581.5,53.5671882
1582.0,54.8386527
1582.5,55.825536
1583.0,56.808456
1583.5,57.7709189
1584.0,58.679365
1584.5,59.4402074
1585.0,59.8322368
1585.5,60.2174348
1586.0,60.9950899
1586.5,61.9318234
1587.0,62.8374125
1587.5,63.7253054
1588.0,64.5145102
1588.5,64.9652186
1589.0,65.1301216
1589.5,65.262605
1590.0,65.2829056
1590.5,65.2450255
1591.0,65.6424334
1591.5,65.991112
1592.0,65.83586
1592.5,65.5371355
1593.0,65.3351501
1593.5,65.0765664
1594.0,64.9348685
1594.5,65.4401088
1595.0,67.7923964
1595.5,70.4815759
1596.0,73.0418805
1596.5,75.5177744
1597.0,77.9157584
1597.5,80.2408141
1598.0,82.4969731
1598.5,84.6873156
1599.0,86.5624345
1599.5,87.4341475
1600.0,87.5639194
1600.5,87.7580745
1601.0,87.9842924
1601.5,88.1840614
1602.0,88.382969
1602.5,88.5797391
1603.0,88.7743544
1603.5,88.9667715
1604.0,89.08753
1604.5,88.94383
1605.0,88.8011244
1605.5,89.4630547
1606.0,90.7321913
1606.5,91.5709569
1607.0,92.0097725
1607.5,92.1946432
1608.0,92.6746035
1608.5,94.5275271
1609.0,97.1360385
1609.5,99.7339029
1610.0,102.2476969
1610.5,104.690736
1611.0,107.083167
1611.5,109.4737053
1612.0,111.5265584
1612.5,112.256167
1613.0,111.8993632
1613.5,111.4037251
1614.0,110.9112392
1614.5,110.4218768
1615.0,109.935598
1615.5,109.4523756
1616.0,108.9721735
1616.5,108.4948863
1617.0,107.9826383
1617.5,107.3378088
1618.0,106.583531
1618.5,105.8183284
1619.0,105.0577549
1619.5,104.3017441
1620.0,103.5502406
1620.5,102.803182
1621.0,102.0605159
1621.5,101.3222537
1622.0,100.6264204
1622.5,100.8327466
1623.0,101.8803628
1623.5,102.7963095
1624.0,103.6826855
1624.5,104.5517644
1625.0,105.555865
1625.5,107.1205894
1626.0,108.7588078
1626.5,109.0091156
1627.0,108.0207219
1627.5,106.1331592
1628.0,103.5722018
1628.5,101.0210166
1629.0,98.4380286
1629.5,95.8654029
1630.0,93.5978973
1630.5,92.3015912
1631.0,91.8107654
1631.5,91.4319174
1632.0,91.124071
1632.5,91.1807307
1633.0,91.5705334
1633.5,92.0714646
1634.0,92.6312145
1634.5,93.1957579
1635.0,93.757691
1635.5,94.316615
1636.0,94.7522015
1636.5,94.7609725
1637.0,94.4143501
1637.5,94.0216028
1638.0,93.6713744
1638.5,93.467225
1639.0,93.3845447
1639.5,93.318417
1640.0,93.2113871
1640.5,92.9616804
1641.0,92.5929001
1641.5,92.209817
1642.0,91.8287534
1642.5,91.449977
1643.0,91.2009666
1643.5,91.435515
1644.0,92.6042944
1644.5,93.4079605
1645.0,93.6843085
1645.5,93.7635791
1646.0,93.6795285
1646.5,93.5717011
1647.0,93.434356
1647.5,93.1908591
1648.0,92.9617581
1648.5,93.0852699
1649.0,93.5106456
1649.5,94.0507036
1650.0,94.8586694
1650.5,95.706292
1651.0,96.5358462
1651.5,97.3509543
1652.0,98.151909
1652.5,98.9390985
1653.0,99.7171899
1653.5,100.5163255
1654.0,101.3385415
1654.5,102.1536601
1655.0,102.9545275
1655.5,103.7419766
1656.0,104.5159786
1656.5,105.2765491
1657.0,105.9080524
1657.5,106.1090818
1658.0,105.9707074
1658.5,105.7996309
1659.0,105.570918
1659.5,105.1309228
1660.0,104.5526455
1660.5,103.9267253
1661.0,103.304276
1661.5,102.6855048
1662.0,102.0924901
1662.5,101.5817029
1663.0,101.1393049
1663.5,100.709046
1664.0,100.3000325
1664.5,99.9620735
1665.0,99.9574649
1665.5,99.9422663
1666.0,99.8731635
1666.5,99.8035505
1667.0,99.734537
1667.5,99.666085
1668.0,99.5541556
1668.5,99.2792626
1669.0,98.8763475
1669.5,98.459037
1670.0,98.1262651
1670.5,98.1886678
1671.0,98.5542985
1671.5,98.9373868
1672.0,99.4366195
1672.5,100.3894736
1673.0,101.6810225
1673.5,102.9541824
1674.0,104.2038657
1674.5,105.493403
1675.0,106.8264276
1675.5,108.1439314
1676.0,109.4509259
1676.5,110.8802005
1677.0,112.4469044
1677.5,114.0119593
1678.0,115.3394014
1678.5,115.9214022
1679.0,115.852148
1679.5,115.5099125
1680.0,115.0116736
1680.5,114.4959979
1681.0,114.0903552
1681.5,114.2097519
1682.0,114.7240435
1682.5,115.261548
1683.0,115.658465
1683.5,115.5664106
1684.0,115.2995732
1684.5,115.4036741
1685.0,115.564546
1685.5,115.390898
1686.0,114.921265
1686.5,114.4147319
1687.0,113.9112435
1687.5,113.4110621
1688.0,112.9144106
1688.5,112.4207779
1689.0,111.9302884
1689.5,111.4429056
1690.0,110.958729
1690.5,110.4776
1691.0,109.9994866
1691.5,109.524419
1692.0,109.0522211
1692.5,108.5830205
1693.0,108.1167725
1693.5,107.6534746
1694.0,107.1927736
1694.5,106.7351162
1695.0,106.2800855
1695.5,105.8279866
1696.0,105.3781941
1696.5,104.9286475
1697.0,104.4812581
1697.5,104.03365
1698.0,102.0902189
1698.5,94.7975844
1699.0,84.5851374
1699.5,79.2600449
1700.0,79.0267255
1700.5,79.7296024
1701.0,80.2756208
1701.5,80.7904066
1702.0,81.3108466
1702.5,81.5819845
1703.0,81.599183
1703.5,81.586304
1704.0,81.5335593
1704.5,81.3395672
1705.0,81.0288286
1705.5,80.7030155
1706.0,80.378706
1706.5,80.055889
1707.0,79.734548
1707.5,79.4146731
1708.0,79.0962491
1708.5,78.779265
1709.0,78.4617017
1709.5,78.1383824
1710.0,77.8105101
1710.5,77.4802909
1711.0,77.1349573
1711.5,76.7993504
1712.0,76.4666759
1712.5,76.1356709
1713.0,75.9472878
1713.5,76.2946748
1714.0,76.9288102
1714.5,77.0969833
1715.0,76.9838558
1715.5,77.3046537
1716.0,78.0325505
1716.5,78.8468531
1717.0,80.2314646
1717.5,81.8329159
1718.0,83.3868874
1718.5,84.9036675
1719.0,86.266105
1719.5,87.0897922
1720.0,87.690058
1720.5,87.7964369
1721.0,87.5311256
1721.5,87.3432427
1722.0,87.2289627
1722.5,86.9979571
1723.0,86.6584666
1723.5,86.3057199
1724.0,85.9547194
1724.5,85.6060645
1725.0,85.2591143
1725.5,84.9132329
1726.0,84.5690352
1726.5,84.22653
1727.0,83.914858
1727.5,83.709082
1728.0,83.5909591
1728.5,83.4854155
1729.0,83.3804545
1729.5,83.2759925
1730.0,83.1718745
1730.5,83.0682799
1731.0,82.9359755
1731.5,82.699708
1732.0,82.3775394
1732.5,82.0454158
1733.0,81.7148711
1733.5,81.3860062
1734.0,81.1378124
1734.5,81.590824
1735.0,82.1622802
1735.5,82.2328342
1736.0,81.9484982
1736.5,81.6184084
1737.0,81.2898625
1737.5,80.9628419
1738.0,80.6373341
1738.5,80.3133279
1739.0,79.9962436
1739.5,79.6825736
1740.0,79.3630581
1740.5,79.045972
1741.0,78.7292146
1741.5,78.4138803
1742.0,78.097913
1742.5,77.7760088
1743.0,77.4526274
1743.5,77.1412747
1744.0,76.8406056
1744.5,76.5425141
1745.0,76.2469426
1745.5,75.953449
1746.0,75.6592235
1746.5,75.3662729
1747.0,75.0745835
1747.5,74.7841444
1748.0,74.4973299
1748.5,74.2444655
1749.0,73.5426961
1749.5,71.386493
1750.0,68.022119
1750.5,64.5050398
1751.0,61.4462814
1751.5,59.9525905
1752.0,60.0656643
1752.5,60.6003576
1753.0,61.1117084
1753.5,61.6151694
1754.0,62.1113794
1754.5,62.6004192
1755.0,62.9932252
1755.5,63.0338426
1756.0,62.8131282
1756.5,62.562091
1757.0,62.3119531
1757.5,62.062755
1758.0,61.8387246
1758.5,61.7020402
1759.0,62.3114964
1759.5,62.7921121
1760.0,62.6377692
1760.5,62.6656736
1761.0,63.2186659
1761.5,64.8957815
1762.0,67.1458931
1762.5,68.5644946
1763.0,69.3870719
1763.5,70.1944944
1764.0,70.8131345
1764.5,71.341009
1765.0,71.8666234
1765.5,72.3859565
1766.0,72.8814044
1766.5,72.8608455
1767.0,72.5891104
1767.5,72.3002941
1768.0,72.0126705
1768.5,71.7262885
1769.0,71.4881624
1769.5,71.4199618
1770.0,71.491244
1770.5,71.582061
1771.0,71.6720719
1771.5,71.7617826
1772.0,71.8512159
1772.5,71.939835
1773.0,71.7927674
1773.5,70.8051488
1774.0,69.1178422
1774.5,67.3415545
1775.0,65.5721975
1775.5,63.8092643
1776.0,62.2883592
1776.5,61.6144111
1777.0,61.4854542
1777.5,60.8734644
1778.0,59.8472186
1778.5,58.8340074
1779.0,57.9356326
1779.5,57.3445887
1780.0,57.0694027
1780.5,56.8380636
1781.0,56.6277796
1781.5,56.4906123
1782.0,56.6638963
1782.5,57.7167762
1783.0,58.6572596
1783.5,59.5717042
1784.0,60.3332061
1784.5,60.5571845
1785.0,60.3636192
1785.5,60.1212053
1786.0,59.8844733
1786.5,59.7071192
1787.0,59.7290022
1787.5,60.0510276
1788.0,60.6299296
1788.5,61.2241557
1789.0,61.80633
1789.5,62.3795699
1790.0,62.9441406
1790.5,63.4990409
1791.0,63.8988762
1791.5,64.306013
1792.0,65.009947
1792.5,65.845587
1793.0,66.7970065
1793.5,67.7365955
1794.0,68.2060244
1794.5,68.4894661
1795.0,68.661122
1795.5,68.6042004
1796.0,68.357721
1796.5,68.0860504
1797.0,67.9184687
1797.5,68.1193341
1798.0,68.6263119
1798.5,69.1728155
1799.0,69.7170885
1799.5,70.259042
1800.0,70.772146
