ICE_in_ice_sp,ICE_in_mf,ICE_in_T_amb_K,ICE_in_p_amb_bar,PG_in_ice_sp,PG_in_em2_torque_soll,PG_in_torque_ICE,PG_in_brk
2500.0,20.0,298.0,1.0,2500.0,0.0,NaN,0.0
3377.4438,16.981432,298.0,1.0,3377.4438,0.0,NaN,7.097417
3798.6458,18.204952,298.0,1.0,3798.6458,0.0,NaN,10.411778
4024.5276,9.063851,298.0,1.0,4024.5276,0.0,NaN,1.9344658
4102.9478,7.389873,298.0,1.0,4102.9478,0.0,NaN,10.689747
4346.723,12.973744,298.0,1.0,4346.723,0.0,NaN,5.6409955
4220.7246,3.0,298.0,1.0,4220.7246,0.0,NaN,2.1435828
4273.9834,8.902572,298.0,1.0,4273.9834,0.0,NaN,3.3458233
4033.8318,10.9777775,298.0,1.0,4033.8318,0.0,NaN,6.846875
3733.635,8.5994,298.0,1.0,3733.635,0.0,NaN,4.749447
4057.3215,13.48207,298.0,1.0,4057.3215,0.0,NaN,2.017814
4097.211,13.487809,298.0,1.0,4097.211,0.0,NaN,0.0
4428.5996,3.0,298.0,1.0,4428.5996,0.0,NaN,1.4505923
3904.166,8.7832575,298.0,1.0,3904.166,0.0,NaN,3.4552336
3912.0513,9.84911,298.0,1.0,3912.0513,0.0,NaN,0.0
3988.6846,13.683368,298.0,1.0,3988.6846,0.0,NaN,2.4784594
4109.265,11.659935,298.0,1.0,4109.265,0.0,NaN,0.93818307
4035.9277,8.314427,298.0,1.0,4035.9277,0.0,NaN,2.1876426
3882.0757,7.3506627,298.0,1.0,3882.0757,0.0,NaN,13.96282
3930.6487,5.624124,298.0,1.0,3930.6487,0.0,NaN,7.4058175
3967.71,3.9079368,298.0,1.0,3967.71,0.0,NaN,13.147694
4500.0,6.8659205,298.0,1.0,4500.0,0.0,NaN,19.134861
3672.1584,16.18012,298.0,1.0,3672.1584,0.0,NaN,7.615051
4161.336,10.46911,298.0,1.0,4161.336,0.0,NaN,6.50312
4369.4507,14.820601,298.0,1.0,4369.4507,0.0,NaN,12.089384
4281.76,19.704363,298.0,1.0,4281.76,0.0,NaN,9.317568
4177.034,15.508911,298.0,1.0,4177.034,0.0,NaN,8.289695
4072.6047,14.344248,298.0,1.0,4072.6047,0.0,NaN,9.4782915
4193.2188,11.772803,298.0,1.0,4193.2188,0.0,NaN,1.0340601
3945.0981,10.983709,298.0,1.0,3945.0981,0.0,NaN,9.131757
4048.7683,6.454086,298.0,1.0,4048.7683,0.0,NaN,15.61425
4030.169,6.5596642,298.0,1.0,4030.169,0.0,NaN,15.866608
4469.635,8.089772,298.0,1.0,4469.635,0.0,NaN,7.804057
4022.158,3.6104143,298.0,1.0,4022.158,0.0,NaN,13.423559
3819.4814,15.328998,298.0,1.0,3819.4814,0.0,NaN,9.610817
3896.1985,7.466914,298.0,1.0,3896.1985,0.0,NaN,11.50375
4164.2974,3.0,298.0,1.0,4164.2974,0.0,NaN,10.201749
4187.298,7.847993,298.0,1.0,4187.298,0.0,NaN,4.0196123
4078.398,13.701597,298.0,1.0,4078.398,0.0,NaN,3.6882102
4323.653,11.155582,298.0,1.0,4323.653,0.0,NaN,3.0890436
4500.0,7.97049,298.0,1.0,4500.0,0.0,NaN,15.298092
4246.492,8.591087,298.0,1.0,4246.492,0.0,NaN,8.06841
4218.331,14.094094,298.0,1.0,4218.331,0.0,NaN,6.9311438
4446.357,7.2852273,298.0,1.0,4446.357,0.0,NaN,10.9766245
4424.3945,4.616775,298.0,1.0,4424.3945,0.0,NaN,15.331143
4497.2515,8.791334,298.0,1.0,4497.2515,0.0,NaN,6.308344
4500.0,12.3002825,298.0,1.0,4500.0,0.0,NaN,5.1207514
4150.994,8.9649935,298.0,1.0,4150.994,0.0,NaN,1.5442759
4189.2354,10.145534,298.0,1.0,4189.2354,0.0,NaN,7.325989
4192.441,10.039743,298.0,1.0,4192.441,0.0,NaN,10.889903
4043.8481,14.608218,298.0,1.0,4043.8481,0.0,NaN,4.0757537
4442.763,10.762533,298.0,1.0,4442.763,0.0,NaN,5.7739286
4345.0586,11.795539,298.0,1.0,4345.0586,0.0,NaN,7.8992724
4108.233,9.967403,298.0,1.0,4108.233,0.0,NaN,4.675558
4500.0,7.569885,298.0,1.0,4500.0,0.0,NaN,7.730308
4221.9175,17.499453,298.0,1.0,4221.9175,0.0,NaN,1.1461645
4266.461,9.629031,298.0,1.0,4266.461,0.0,NaN,0.0
4028.7869,10.561971,298.0,1.0,4028.7869,0.0,NaN,13.81782
3746.8914,6.6154356,298.0,1.0,3746.8914,0.0,NaN,3.2800226
3613.0847,3.0,298.0,1.0,3613.0847,0.0,NaN,10.808608
3793.1548,8.780959,298.0,1.0,3793.1548,0.0,NaN,6.2801332
4326.4087,9.755645,298.0,1.0,4326.4087,0.0,NaN,11.624712
4038.821,10.231268,298.0,1.0,4038.821,0.0,NaN,7.4703217
4034.8047,10.065833,298.0,1.0,4034.8047,0.0,NaN,6.292775
3937.0654,9.621641,298.0,1.0,3937.0654,0.0,NaN,0.0
3835.0125,7.692142,298.0,1.0,3835.0125,0.0,NaN,6.6413345
3942.2495,9.586426,298.0,1.0,3942.2495,0.0,NaN,1.2691379
4341.148,10.1750555,298.0,1.0,4341.148,0.0,NaN,12.926534
4305.5615,14.6597805,298.0,1.0,4305.5615,0.0,NaN,6.9069386
4311.4736,18.333494,298.0,1.0,4311.4736,0.0,NaN,5.416551
4164.101,16.219532,298.0,1.0,4164.101,0.0,NaN,6.478614
4281.9824,10.856574,298.0,1.0,4281.9824,0.0,NaN,3.2938452
3747.0293,5.095122,298.0,1.0,3747.0293,0.0,NaN,0.0
4343.5107,5.7015066,298.0,1.0,4343.5107,0.0,NaN,4.8059464
4500.0,9.169813,298.0,1.0,4500.0,0.0,NaN,3.530374
4338.173,14.736892,298.0,1.0,4338.173,0.0,NaN,12.229022
4136.3833,13.299916,298.0,1.0,4136.3833,0.0,NaN,13.8017
4142.987,14.94944,298.0,1.0,4142.987,0.0,NaN,6.0493174
3801.7773,15.948826,298.0,1.0,3801.7773,0.0,NaN,4.7929554
4071.6646,12.460284,298.0,1.0,4071.6646,0.0,NaN,15.623212
4481.372,8.553668,298.0,1.0,4481.372,0.0,NaN,3.2203257
4097.0293,12.299713,298.0,1.0,4097.0293,0.0,NaN,3.955719
3711.9353,10.070182,298.0,1.0,3711.9353,0.0,NaN,0.0
3894.7756,14.221533,298.0,1.0,3894.7756,0.0,NaN,0.0
3861.033,8.479147,298.0,1.0,3861.033,0.0,NaN,2.091691
3965.242,10.908324,298.0,1.0,3965.242,0.0,NaN,12.626589
4252.588,5.827144,298.0,1.0,4252.588,0.0,NaN,12.150717
4244.773,10.51584,298.0,1.0,4244.773,0.0,NaN,8.50721
4335.626,4.539826,298.0,1.0,4335.626,0.0,NaN,7.6134386
4149.7803,6.126648,298.0,1.0,4149.7803,0.0,NaN,9.766814
4348.928,10.957309,298.0,1.0,4348.928,0.0,NaN,11.761549
4500.0,6.4032464,298.0,1.0,4500.0,0.0,NaN,11.074814
4041.0344,8.210342,298.0,1.0,4041.0344,0.0,NaN,7.1880875
4497.476,12.803003,298.0,1.0,4497.476,0.0,NaN,7.0358157
3824.7844,13.994807,298.0,1.0,3824.7844,0.0,NaN,0.65277815
3959.6873,14.182454,298.0,1.0,3959.6873,0.0,NaN,0.0
4337.702,14.492051,298.0,1.0,4337.702,0.0,NaN,7.452789
4204.209,10.793859,298.0,1.0,4204.209,0.0,NaN,6.2029033
3760.0393,9.863855,298.0,1.0,3760.0393,0.0,NaN,0.0
4315.1045,12.674584,298.0,1.0,4315.1045,0.0,NaN,8.333704
4419.7124,11.48714,298.0,1.0,4419.7124,0.0,NaN,4.3474913
4500.0,14.086584,298.0,1.0,4500.0,0.0,NaN,5.582878
4249.977,9.725161,298.0,1.0,4249.977,0.0,NaN,15.40595
4500.0,10.964581,298.0,1.0,4500.0,0.0,NaN,3.3650784
4386.8613,14.551351,298.0,1.0,4386.8613,0.0,NaN,8.321929
4395.637,12.511518,298.0,1.0,4395.637,0.0,NaN,8.122769
4080.9316,8.726533,298.0,1.0,4080.9316,0.0,NaN,8.446466
4130.3813,10.657921,298.0,1.0,4130.3813,0.0,NaN,14.97856
4250.1084,5.482886,298.0,1.0,4250.1084,0.0,NaN,11.250088
4010.4946,7.6481514,298.0,1.0,4010.4946,0.0,NaN,9.185738
4384.3994,14.442656,298.0,1.0,4384.3994,0.0,NaN,10.563845
4294.7544,17.927048,298.0,1.0,4294.7544,0.0,NaN,10.3248625
4500.0,6.5297127,298.0,1.0,4500.0,0.0,NaN,17.075447
4183.2373,7.302695,298.0,1.0,4183.2373,0.0,NaN,13.546297
3891.612,15.387005,298.0,1.0,3891.612,0.0,NaN,3.7290602
4500.0,11.145669,298.0,1.0,4500.0,0.0,NaN,3.4108906
4211.9355,8.91417,298.0,1.0,4211.9355,0.0,NaN,15.172362
4385.675,8.327755,298.0,1.0,4385.675,0.0,NaN,9.181314
3924.4355,3.424011,298.0,1.0,3924.4355,0.0,NaN,9.744608
4016.584,8.128533,298.0,1.0,4016.584,0.0,NaN,2.7250588
4478.8354,3.8765497,298.0,1.0,4478.8354,0.0,NaN,8.80695
3989.3054,11.0010195,298.0,1.0,3989.3054,0.0,NaN,3.3091455
4028.3188,11.517089,298.0,1.0,4028.3188,0.0,NaN,8.387372
4456.081,18.384117,298.0,1.0,4456.081,0.0,NaN,0.0
3883.2358,16.827267,298.0,1.0,3883.2358,0.0,NaN,6.354275
4147.572,14.859936,298.0,1.0,4147.572,0.0,NaN,7.568395
3729.5398,14.001462,298.0,1.0,3729.5398,0.0,NaN,12.351969
4193.574,17.09068,298.0,1.0,4193.574,0.0,NaN,3.5261154
4494.843,18.990099,298.0,1.0,4494.843,0.0,NaN,8.664539
4247.885,14.233613,298.0,1.0,4247.885,0.0,NaN,10.571814
4500.0,9.887207,298.0,1.0,4500.0,0.0,NaN,13.528326
4331.463,12.581949,298.0,1.0,4331.463,0.0,NaN,2.282527
4165.624,15.217854,298.0,1.0,4165.624,0.0,NaN,4.6156497
4209.509,11.658529,298.0,1.0,4209.509,0.0,NaN,6.6308827
3864.8845,10.489141,298.0,1.0,3864.8845,0.0,NaN,11.889994
4100.355,7.8980594,298.0,1.0,4100.355,0.0,NaN,6.6411705
4448.6772,12.51886,298.0,1.0,4448.6772,0.0,NaN,8.711356
4500.0,9.073743,298.0,1.0,4500.0,0.0,NaN,11.319479
3634.7263,6.7645035,298.0,1.0,3634.7263,0.0,NaN,12.837657
3908.3364,14.947627,298.0,1.0,3908.3364,0.0,NaN,9.877101
4491.7847,15.170902,298.0,1.0,4491.7847,0.0,NaN,8.58579
4223.179,9.291937,298.0,1.0,4223.179,0.0,NaN,11.188253
4448.5454,10.852926,298.0,1.0,4448.5454,0.0,NaN,7.418695
4438.561,10.6395035,298.0,1.0,4438.561,0.0,NaN,11.248144
3752.2935,13.03264,298.0,1.0,3752.2935,0.0,NaN,20.30052
4097.644,5.332005,298.0,1.0,4097.644,0.0,NaN,5.759895
3892.0776,6.9563775,298.0,1.0,3892.0776,0.0,NaN,6.4905643
4113.7837,5.097448,298.0,1.0,4113.7837,0.0,NaN,9.513298
4308.665,3.0,298.0,1.0,4308.665,0.0,NaN,6.948084
3955.9727,9.726942,298.0,1.0,3955.9727,0.0,NaN,0.32598674
3854.6643,7.6938314,298.0,1.0,3854.6643,0.0,NaN,7.196751
3913.5974,10.935706,298.0,1.0,3913.5974,0.0,NaN,9.738263
4258.238,12.159733,298.0,1.0,4258.238,0.0,NaN,9.27898
4243.867,9.304051,298.0,1.0,4243.867,0.0,NaN,1.1807859
4500.0,8.978218,298.0,1.0,4500.0,0.0,NaN,3.515151
4491.9014,7.6044846,298.0,1.0,4491.9014,0.0,NaN,10.423761
4242.04,7.549031,298.0,1.0,4242.04,0.0,NaN,14.771318
4343.367,3.0,298.0,1.0,4343.367,0.0,NaN,5.3152056
3995.3252,8.308283,298.0,1.0,3995.3252,0.0,NaN,5.9149923
4350.1377,6.040871,298.0,1.0,4350.1377,0.0,NaN,1.2847543
4203.1855,6.7958126,298.0,1.0,4203.1855,0.0,NaN,5.864966
4402.0664,3.0,298.0,1.0,4402.0664,0.0,NaN,5.296177
4077.156,6.617818,298.0,1.0,4077.156,0.0,NaN,18.18686
4397.5312,3.0,298.0,1.0,4397.5312,0.0,NaN,3.5731316
4090.992,11.326325,298.0,1.0,4090.992,0.0,NaN,7.6761813
4365.274,14.638044,298.0,1.0,4365.274,0.0,NaN,3.848198
4018.6387,14.456509,298.0,1.0,4018.6387,0.0,NaN,17.106958
4335.642,10.560844,298.0,1.0,4335.642,0.0,NaN,7.877648
4296.1606,17.793283,298.0,1.0,4296.1606,0.0,NaN,0.0
4153.4316,12.236545,298.0,1.0,4153.4316,0.0,NaN,5.2013845
4430.633,14.63441,298.0,1.0,4430.633,0.0,NaN,11.876991
4109.733,14.69491,298.0,1.0,4109.733,0.0,NaN,10.326454
4181.874,15.363781,298.0,1.0,4181.874,0.0,NaN,11.291554
4351.4023,7.8918037,298.0,1.0,4351.4023,0.0,NaN,14.928711
4191.606,9.494101,298.0,1.0,4191.606,0.0,NaN,8.062598
4302.1543,7.0593143,298.0,1.0,4302.1543,0.0,NaN,9.483135
4359.3247,11.167239,298.0,1.0,4359.3247,0.0,NaN,15.998301
4354.438,15.415207,298.0,1.0,4354.438,0.0,NaN,2.6661634
4054.3237,9.777977,298.0,1.0,4054.3237,0.0,NaN,10.458943
3874.9124,7.763189,298.0,1.0,3874.9124,0.0,NaN,7.7100697
3937.2974,11.573823,298.0,1.0,3937.2974,0.0,NaN,12.604565
4417.6216,12.918962,298.0,1.0,4417.6216,0.0,NaN,9.795755
4411.516,8.561631,298.0,1.0,4411.516,0.0,NaN,1.4999062
4235.142,12.109457,298.0,1.0,4235.142,0.0,NaN,18.13649
3935.8894,10.84706,298.0,1.0,3935.8894,0.0,NaN,15.543643
4242.5967,10.634896,298.0,1.0,4242.5967,0.0,NaN,4.7636213
4156.8843,7.7367635,298.0,1.0,4156.8843,0.0,NaN,10.562542
3988.6868,8.806523,298.0,1.0,3988.6868,0.0,NaN,7.5295925
4101.8306,8.349178,298.0,1.0,4101.8306,0.0,NaN,0.0
4296.665,13.387063,298.0,1.0,4296.665,0.0,NaN,10.364035
3861.615,3.8779774,298.0,1.0,3861.615,0.0,NaN,8.801582
3909.3652,11.810398,298.0,1.0,3909.3652,0.0,NaN,1.8800467
4269.632,9.219586,298.0,1.0,4269.632,0.0,NaN,2.146113
4351.176,4.28636,298.0,1.0,4351.176,0.0,NaN,13.225084
4496.678,9.15339,298.0,1.0,4496.678,0.0,NaN,9.882358
4246.1416,13.755927,298.0,1.0,4246.1416,0.0,NaN,4.7305164
4175.3174,8.231364,298.0,1.0,4175.3174,0.0,NaN,1.1050493
3889.225,7.1418962,298.0,1.0,3889.225,0.0,NaN,0.0
3886.0269,14.120164,298.0,1.0,3886.0269,0.0,NaN,4.5974197
4485.2876,8.569671,298.0,1.0,4485.2876,0.0,NaN,0.0
4447.58,6.5035133,298.0,1.0,4447.58,0.0,NaN,5.90958
4153.6304,7.411482,298.0,1.0,4153.6304,0.0,NaN,4.3210983
4383.574,10.420974,298.0,1.0,4383.574,0.0,NaN,3.6961408
4468.2734,13.444517,298.0,1.0,4468.2734,0.0,NaN,4.3691454
4114.563,9.2874,298.0,1.0,4114.563,0.0,NaN,11.314628
3939.3347,12.583167,298.0,1.0,3939.3347,0.0,NaN,8.744738
4273.923,5.084597,298.0,1.0,4273.923,0.0,NaN,16.330248
4429.214,9.39058,298.0,1.0,4429.214,0.0,NaN,3.3186615
4500.0,9.011378,298.0,1.0,4500.0,0.0,NaN,3.6705852
4500.0,9.355408,298.0,1.0,4500.0,0.0,NaN,0.0
4228.689,9.172271,298.0,1.0,4228.689,0.0,NaN,8.091235
4089.8555,5.011194,298.0,1.0,4089.8555,0.0,NaN,6.822008
4193.2363,6.9189405,298.0,1.0,4193.2363,0.0,NaN,1.7464161
4336.138,3.0,298.0,1.0,4336.138,0.0,NaN,9.190705
4035.2048,5.544709,298.0,1.0,4035.2048,0.0,NaN,3.0575156
4260.9595,10.651256,298.0,1.0,4260.9595,0.0,NaN,3.9699376
4177.212,7.6576242,298.0,1.0,4177.212,0.0,NaN,1.7669618
4314.0596,3.573005,298.0,1.0,4314.0596,0.0,NaN,5.9297504
4459.1406,6.5999227,298.0,1.0,4459.1406,0.0,NaN,5.534127
4500.0,7.0782614,298.0,1.0,4500.0,0.0,NaN,13.509896
4040.0886,12.122454,298.0,1.0,4040.0886,0.0,NaN,9.390182
4224.2944,10.644355,298.0,1.0,4224.2944,0.0,NaN,10.784185
4142.7837,6.5964622,298.0,1.0,4142.7837,0.0,NaN,5.0834446
4098.7783,3.9056864,298.0,1.0,4098.7783,0.0,NaN,6.5261035
4316.9995,11.823288,298.0,1.0,4316.9995,0.0,NaN,2.1587996
4070.8123,13.717468,298.0,1.0,4070.8123,0.0,NaN,4.5899034
3964.127,12.582432,298.0,1.0,3964.127,0.0,NaN,5.107221
4152.2266,8.914031,298.0,1.0,4152.2266,0.0,NaN,7.380742
4158.898,13.132013,298.0,1.0,4158.898,0.0,NaN,3.935641
4500.0,9.815482,298.0,1.0,4500.0,0.0,NaN,0.0
4109.1807,12.753027,298.0,1.0,4109.1807,0.0,NaN,5.571535
3914.076,14.424969,298.0,1.0,3914.076,0.0,NaN,10.249382
4320.882,17.78441,298.0,1.0,4320.882,0.0,NaN,8.229613
4500.0,17.682625,298.0,1.0,4500.0,0.0,NaN,4.458821
4173.746,16.33892,298.0,1.0,4173.746,0.0,NaN,4.657358
4368.0894,11.935737,298.0,1.0,4368.0894,0.0,NaN,0.0
4330.9185,7.4620976,298.0,1.0,4330.9185,0.0,NaN,5.7858586
3998.717,3.0,298.0,1.0,3998.717,0.0,NaN,9.707212
4007.906,3.8804893,298.0,1.0,4007.906,0.0,NaN,0.62992275
4258.764,12.54053,298.0,1.0,4258.764,0.0,NaN,9.430432
3996.2927,12.965115,298.0,1.0,3996.2927,0.0,NaN,6.657881
3913.3992,17.721165,298.0,1.0,3913.3992,0.0,NaN,0.0
4500.0,15.458952,298.0,1.0,4500.0,0.0,NaN,0.7525116
4046.215,21.794897,298.0,1.0,4046.215,0.0,NaN,8.907911
3904.7483,19.386189,298.0,1.0,3904.7483,0.0,NaN,2.4282484
4015.798,8.660836,298.0,1.0,4015.798,0.0,NaN,5.872607
4168.331,12.09969,298.0,1.0,4168.331,0.0,NaN,12.160537
4500.0,11.649224,298.0,1.0,4500.0,0.0,NaN,8.934691
4023.4006,11.781214,298.0,1.0,4023.4006,0.0,NaN,15.52909
4094.7805,11.58802,298.0,1.0,4094.7805,0.0,NaN,12.247625
4073.3247,8.421151,298.0,1.0,4073.3247,0.0,NaN,14.305547
4016.4849,10.586222,298.0,1.0,4016.4849,0.0,NaN,5.2437067
4306.666,10.744223,298.0,1.0,4306.666,0.0,NaN,5.9756517
4120.1763,8.478577,298.0,1.0,4120.1763,0.0,NaN,5.4641933
4418.0654,17.189009,298.0,1.0,4418.0654,0.0,NaN,9.40524
4500.0,19.352394,298.0,1.0,4500.0,0.0,NaN,5.795166
3914.8157,11.508076,298.0,1.0,3914.8157,0.0,NaN,7.7151923
4500.0,3.6889806,298.0,1.0,4500.0,0.0,NaN,0.3373921
4389.437,10.945414,298.0,1.0,4389.437,0.0,NaN,6.0637684
4011.238,13.86506,298.0,1.0,4011.238,0.0,NaN,1.3852358
4385.8545,20.056145,298.0,1.0,4385.8545,0.0,NaN,7.623103
4328.297,9.7184515,298.0,1.0,4328.297,0.0,NaN,8.20345
4141.082,14.495386,298.0,1.0,4141.082,0.0,NaN,9.63836
3795.7334,7.278824,298.0,1.0,3795.7334,0.0,NaN,11.540452
3830.6958,15.104424,298.0,1.0,3830.6958,0.0,NaN,2.962932
3859.939,15.811715,298.0,1.0,3859.939,0.0,NaN,13.234258
4016.532,15.374328,298.0,1.0,4016.532,0.0,NaN,11.643404
4460.9136,18.487192,298.0,1.0,4460.9136,0.0,NaN,15.1569605
3989.3503,19.552366,298.0,1.0,3989.3503,0.0,NaN,6.286213
4295.289,16.043163,298.0,1.0,4295.289,0.0,NaN,0.0
4034.886,18.456875,298.0,1.0,4034.886,0.0,NaN,1.4955461
3906.0847,16.132004,298.0,1.0,3906.0847,0.0,NaN,7.147601
4313.1416,12.0305805,298.0,1.0,4313.1416,0.0,NaN,11.573937
4308.8657,13.81811,298.0,1.0,4308.8657,0.0,NaN,7.349843
4126.315,12.508606,298.0,1.0,4126.315,0.0,NaN,11.593824
4146.9673,10.920025,298.0,1.0,4146.9673,0.0,NaN,14.438641
4451.0625,10.575146,298.0,1.0,4451.0625,0.0,NaN,13.300779
4357.564,6.7754555,298.0,1.0,4357.564,0.0,NaN,5.2826195
4444.608,3.70528,298.0,1.0,4444.608,0.0,NaN,4.489043
3943.9265,12.238234,298.0,1.0,3943.9265,0.0,NaN,3.3518763
3986.5781,15.045123,298.0,1.0,3986.5781,0.0,NaN,13.522384
4156.326,11.542795,298.0,1.0,4156.326,0.0,NaN,11.947942
3968.6155,9.28986,298.0,1.0,3968.6155,0.0,NaN,9.883836
4500.0,8.512026,298.0,1.0,4500.0,0.0,NaN,12.603638
4372.1045,8.581141,298.0,1.0,4372.1045,0.0,NaN,4.5547276
4500.0,13.374599,298.0,1.0,4500.0,0.0,NaN,0.0
4204.2295,13.280995,298.0,1.0,4204.2295,0.0,NaN,5.1665516
4207.5874,8.97143,298.0,1.0,4207.5874,0.0,NaN,11.0137825
4247.457,4.5087147,298.0,1.0,4247.457,0.0,NaN,3.973022
4123.148,12.076381,298.0,1.0,4123.148,0.0,NaN,14.882487
4160.654,12.733948,298.0,1.0,4160.654,0.0,NaN,2.4170578
4136.5244,13.328744,298.0,1.0,4136.5244,0.0,NaN,3.4654765
4208.628,9.7111635,298.0,1.0,4208.628,0.0,NaN,7.945335
3766.192,5.800242,298.0,1.0,3766.192,0.0,NaN,3.3219843
4330.353,11.6714325,298.0,1.0,4330.353,0.0,NaN,8.344931
4500.0,8.941649,298.0,1.0,4500.0,0.0,NaN,15.422398
4500.0,10.342234,298.0,1.0,4500.0,0.0,NaN,20.85549
3885.8083,13.580667,298.0,1.0,3885.8083,0.0,NaN,15.086901
4216.513,12.104377,298.0,1.0,4216.513,0.0,NaN,7.975772
4161.0923,8.576829,298.0,1.0,4161.0923,0.0,NaN,6.6763043
3900.2039,13.037327,298.0,1.0,3900.2039,0.0,NaN,9.18271
4072.2976,11.742471,298.0,1.0,4072.2976,0.0,NaN,9.456799
4500.0,16.855034,298.0,1.0,4500.0,0.0,NaN,3.5717993
4416.6274,10.856636,298.0,1.0,4416.6274,0.0,NaN,1.609242
4315.2017,6.1850567,298.0,1.0,4315.2017,0.0,NaN,0.3303349
4500.0,4.307258,298.0,1.0,4500.0,0.0,NaN,8.675679
4183.8496,3.0,298.0,1.0,4183.8496,0.0,NaN,7.4723186
4500.0,10.859392,298.0,1.0,4500.0,0.0,NaN,5.163598
4172.907,12.299995,298.0,1.0,4172.907,0.0,NaN,0.0
3950.1973,13.004063,298.0,1.0,3950.1973,0.0,NaN,2.751276
4150.2383,10.753871,298.0,1.0,4150.2383,0.0,NaN,0.0
3860.3616,9.422812,298.0,1.0,3860.3616,0.0,NaN,0.0
4037.9226,9.330061,298.0,1.0,4037.9226,0.0,NaN,0.0
4304.744,10.775776,298.0,1.0,4304.744,0.0,NaN,6.1490626
3758.627,12.227156,298.0,1.0,3758.627,0.0,NaN,17.623589
4000.0872,15.447726,298.0,1.0,4000.0872,0.0,NaN,4.9719186
4483.638,12.49745,298.0,1.0,4483.638,0.0,NaN,5.3471475
4500.0,16.337904,298.0,1.0,4500.0,0.0,NaN,0.0
4322.4287,6.0775056,298.0,1.0,4322.4287,0.0,NaN,3.5322368
3926.3083,6.662267,298.0,1.0,3926.3083,0.0,NaN,0.31511188
3645.2131,12.917016,298.0,1.0,3645.2131,0.0,NaN,4.338303
3427.392,3.0,298.0,1.0,3427.392,0.0,NaN,3.7338943
3868.572,7.757352,298.0,1.0,3868.572,0.0,NaN,2.1148384
3944.2285,11.603084,298.0,1.0,3944.2285,0.0,NaN,10.696167
4254.33,19.764507,298.0,1.0,4254.33,0.0,NaN,16.602568
4109.532,10.330438,298.0,1.0,4109.532,0.0,NaN,14.4184675
4395.413,8.824719,298.0,1.0,4395.413,0.0,NaN,20.190054
4129.576,10.229,298.0,1.0,4129.576,0.0,NaN,10.577544
4016.6255,12.744655,298.0,1.0,4016.6255,0.0,NaN,16.445742
4302.505,8.565217,298.0,1.0,4302.505,0.0,NaN,13.599706
4281.3447,8.446401,298.0,1.0,4281.3447,0.0,NaN,14.829072
4419.7393,8.487386,298.0,1.0,4419.7393,0.0,NaN,13.611871
4270.6826,13.066831,298.0,1.0,4270.6826,0.0,NaN,12.019676
4213.3423,16.14279,298.0,1.0,4213.3423,0.0,NaN,5.6986957
4435.077,13.781723,298.0,1.0,4435.077,0.0,NaN,3.4758596
3623.144,12.577683,298.0,1.0,3623.144,0.0,NaN,1.220116
3776.6375,7.077772,298.0,1.0,3776.6375,0.0,NaN,9.7940235
3804.7385,11.25277,298.0,1.0,3804.7385,0.0,NaN,4.047045
4346.973,10.036718,298.0,1.0,4346.973,0.0,NaN,15.741929
4365.44,16.036425,298.0,1.0,4365.44,0.0,NaN,1.2764037
4207.2896,7.663353,298.0,1.0,4207.2896,0.0,NaN,7.5466843
3944.66,6.922854,298.0,1.0,3944.66,0.0,NaN,7.5918255
4045.0066,9.669467,298.0,1.0,4045.0066,0.0,NaN,0.0
3681.0034,8.47107,298.0,1.0,3681.0034,0.0,NaN,1.7936021
4246.5454,12.535957,298.0,1.0,4246.5454,0.0,NaN,3.8073869
4029.2725,9.701877,298.0,1.0,4029.2725,0.0,NaN,3.4155667
4322.7964,11.191594,298.0,1.0,4322.7964,0.0,NaN,8.123994
4240.9707,12.313379,298.0,1.0,4240.9707,0.0,NaN,7.6783
4320.2397,11.229401,298.0,1.0,4320.2397,0.0,NaN,16.149446
3980.8076,12.918752,298.0,1.0,3980.8076,0.0,NaN,3.005609
3907.3794,13.919849,298.0,1.0,3907.3794,0.0,NaN,7.9723
4067.902,9.164557,298.0,1.0,4067.902,0.0,NaN,17.459631
4238.2075,14.2372675,298.0,1.0,4238.2075,0.0,NaN,9.857744
4110.644,11.717385,298.0,1.0,4110.644,0.0,NaN,7.302478
4438.0747,4.717791,298.0,1.0,4438.0747,0.0,NaN,19.562674
3854.487,9.151197,298.0,1.0,3854.487,0.0,NaN,5.5230885
4076.4006,5.1897063,298.0,1.0,4076.4006,0.0,NaN,4.5771093
4408.203,14.158669,298.0,1.0,4408.203,0.0,NaN,9.76851
4436.178,9.660967,298.0,1.0,4436.178,0.0,NaN,0.0
3778.2354,12.83012,298.0,1.0,3778.2354,0.0,NaN,10.045809
4054.322,10.777988,298.0,1.0,4054.322,0.0,NaN,6.903133
4255.3228,8.72995,298.0,1.0,4255.3228,0.0,NaN,7.834893
3866.1602,10.106567,298.0,1.0,3866.1602,0.0,NaN,11.08309
4159.0337,3.4602082,298.0,1.0,4159.0337,0.0,NaN,13.499024
3881.2883,4.802621,298.0,1.0,3881.2883,0.0,NaN,11.308241
4500.0,11.671728,298.0,1.0,4500.0,0.0,NaN,8.840171
4500.0,8.71752,298.0,1.0,4500.0,0.0,NaN,6.798485
4476.2427,8.944453,298.0,1.0,4476.2427,0.0,NaN,0.8424133
4425.2017,11.334066,298.0,1.0,4425.2017,0.0,NaN,7.6437354
4249.696,11.432678,298.0,1.0,4249.696,0.0,NaN,14.487398
4070.4438,10.741613,298.0,1.0,4070.4438,0.0,NaN,13.774765
4145.2017,13.535551,298.0,1.0,4145.2017,0.0,NaN,1.6033232
4174.6514,10.083671,298.0,1.0,4174.6514,0.0,NaN,10.19623
4133.2637,13.7738,298.0,1.0,4133.2637,0.0,NaN,11.693371
4313.5938,8.424464,298.0,1.0,4313.5938,0.0,NaN,9.40049
4145.692,8.769368,298.0,1.0,4145.692,0.0,NaN,13.755756
3977.5132,6.7485433,298.0,1.0,3977.5132,0.0,NaN,9.471768
3748.0618,8.323804,298.0,1.0,3748.0618,0.0,NaN,9.987259
3992.5068,6.769024,298.0,1.0,3992.5068,0.0,NaN,0.38081706
3975.1824,10.38376,298.0,1.0,3975.1824,0.0,NaN,4.6488047
4043.9802,8.788647,298.0,1.0,4043.9802,0.0,NaN,1.9067198
4171.5645,9.729248,298.0,1.0,4171.5645,0.0,NaN,15.010396
3914.4565,12.327758,298.0,1.0,3914.4565,0.0,NaN,12.795031
3578.2388,14.2570915,298.0,1.0,3578.2388,0.0,NaN,13.093719
3803.1477,15.021796,298.0,1.0,3803.1477,0.0,NaN,8.446232
3949.2163,7.773991,298.0,1.0,3949.2163,0.0,NaN,8.403915
4500.0,11.556994,298.0,1.0,4500.0,0.0,NaN,2.9797168
4414.4062,13.34429,298.0,1.0,4414.4062,0.0,NaN,14.4077835
4495.4097,14.763462,298.0,1.0,4495.4097,0.0,NaN,0.0
4142.285,14.683239,298.0,1.0,4142.285,0.0,NaN,12.996832
4102.284,4.192624,298.0,1.0,4102.284,0.0,NaN,7.7325077
4332.4277,11.243425,298.0,1.0,4332.4277,0.0,NaN,7.552895
4133.3423,9.174887,298.0,1.0,4133.3423,0.0,NaN,5.8044405
3964.0469,11.430789,298.0,1.0,3964.0469,0.0,NaN,5.1187572
3843.1533,6.578206,298.0,1.0,3843.1533,0.0,NaN,11.02753
3815.9705,13.359114,298.0,1.0,3815.9705,0.0,NaN,10.320961
4108.625,8.510782,298.0,1.0,4108.625,0.0,NaN,11.229071
4084.1372,11.248234,298.0,1.0,4084.1372,0.0,NaN,3.4256191
3895.025,14.137673,298.0,1.0,3895.025,0.0,NaN,6.4676614
4100.819,17.494211,298.0,1.0,4100.819,0.0,NaN,6.079981
4143.466,12.769319,298.0,1.0,4143.466,0.0,NaN,15.029046
4010.5547,6.678459,298.0,1.0,4010.5547,0.0,NaN,0.0
3670.848,7.133128,298.0,1.0,3670.848,0.0,NaN,7.0323944
3823.069,6.9732943,298.0,1.0,3823.069,0.0,NaN,12.195298
4348.2446,8.051842,298.0,1.0,4348.2446,0.0,NaN,0.0
4306.779,11.519711,298.0,1.0,4306.779,0.0,NaN,0.0
4196.7334,5.346244,298.0,1.0,4196.7334,0.0,NaN,0.0
4231.6133,11.426953,298.0,1.0,4231.6133,0.0,NaN,6.791258
4180.8755,14.692186,298.0,1.0,4180.8755,0.0,NaN,4.3480725
3759.7131,15.000585,298.0,1.0,3759.7131,0.0,NaN,10.790115
4035.5405,16.737053,298.0,1.0,4035.5405,0.0,NaN,0.0
4135.425,14.156419,298.0,1.0,4135.425,0.0,NaN,10.474825
3986.2266,12.979988,298.0,1.0,3986.2266,0.0,NaN,10.581544
4224.959,9.546535,298.0,1.0,4224.959,0.0,NaN,9.793639
4218.414,8.215013,298.0,1.0,4218.414,0.0,NaN,4.1830835
4072.2527,10.495135,298.0,1.0,4072.2527,0.0,NaN,9.382391
3797.5261,12.019926,298.0,1.0,3797.5261,0.0,NaN,11.558172
3699.2324,12.706844,298.0,1.0,3699.2324,0.0,NaN,12.494334
3978.0288,10.988912,298.0,1.0,3978.0288,0.0,NaN,0.9054065
4010.0166,11.03204,298.0,1.0,4010.0166,0.0,NaN,2.9256046
3955.3057,13.48814,298.0,1.0,3955.3057,0.0,NaN,3.592846
4471.8374,8.200862,298.0,1.0,4471.8374,0.0,NaN,11.466133
3997.5332,11.92272,298.0,1.0,3997.5332,0.0,NaN,10.829356
4326.4287,17.525888,298.0,1.0,4326.4287,0.0,NaN,0.54902434
4339.14,10.563113,298.0,1.0,4339.14,0.0,NaN,19.746134
3911.8862,9.994304,298.0,1.0,3911.8862,0.0,NaN,9.967479
3876.0918,7.864426,298.0,1.0,3876.0918,0.0,NaN,3.5130203
3851.701,11.417958,298.0,1.0,3851.701,0.0,NaN,16.380056
4231.3755,8.633456,298.0,1.0,4231.3755,0.0,NaN,7.0845394
4500.0,13.42325,298.0,1.0,4500.0,0.0,NaN,0.0
4260.6304,12.562157,298.0,1.0,4260.6304,0.0,NaN,9.284663
4337.167,10.270836,298.0,1.0,4337.167,0.0,NaN,4.026666
4173.9053,12.902642,298.0,1.0,4173.9053,0.0,NaN,4.8146815
4136.151,11.994605,298.0,1.0,4136.151,0.0,NaN,9.836179
4370.238,10.222067,298.0,1.0,4370.238,0.0,NaN,3.7678213
3846.9326,12.903369,298.0,1.0,3846.9326,0.0,NaN,6.5034895
3682.5623,11.439615,298.0,1.0,3682.5623,0.0,NaN,7.8869014
3979.9468,12.674519,298.0,1.0,3979.9468,0.0,NaN,6.8166494
3807.4973,11.26519,298.0,1.0,3807.4973,0.0,NaN,2.718103
4016.636,9.725896,298.0,1.0,4016.636,0.0,NaN,9.482535
4274.7183,11.344171,298.0,1.0,4274.7183,0.0,NaN,2.1906674
4220.4487,11.6935005,298.0,1.0,4220.4487,0.0,NaN,2.016756
4079.1086,10.009818,298.0,1.0,4079.1086,0.0,NaN,12.893259
4326.436,13.263725,298.0,1.0,4326.436,0.0,NaN,7.3255243
4296.7144,13.827599,298.0,1.0,4296.7144,0.0,NaN,9.964413
4296.3276,6.512457,298.0,1.0,4296.3276,0.0,NaN,9.367236
4500.0,11.01665,298.0,1.0,4500.0,0.0,NaN,10.857418
4275.1377,10.418363,298.0,1.0,4275.1377,0.0,NaN,4.8716455
4195.72,14.855155,298.0,1.0,4195.72,0.0,NaN,0.0
4500.0,6.7378983,298.0,1.0,4500.0,0.0,NaN,1.4075488
4207.9487,11.162561,298.0,1.0,4207.9487,0.0,NaN,2.011034
4474.005,10.462508,298.0,1.0,4474.005,0.0,NaN,9.544977
4454.464,12.643969,298.0,1.0,4454.464,0.0,NaN,16.006855
4469.4995,5.3989363,298.0,1.0,4469.4995,0.0,NaN,12.442371
4464.476,10.9156685,298.0,1.0,4464.476,0.0,NaN,7.3528767
4338.1255,15.125129,298.0,1.0,4338.1255,0.0,NaN,11.068689
4468.755,10.761776,298.0,1.0,4468.755,0.0,NaN,19.102278
4318.6064,11.813809,298.0,1.0,4318.6064,0.0,NaN,16.028437
4375.7256,15.217359,298.0,1.0,4375.7256,0.0,NaN,12.906164
4164.2656,13.2826605,298.0,1.0,4164.2656,0.0,NaN,11.38241
4040.5698,13.392915,298.0,1.0,4040.5698,0.0,NaN,11.963203
4050.839,13.282045,298.0,1.0,4050.839,0.0,NaN,7.3679867
4385.5693,14.586394,298.0,1.0,4385.5693,0.0,NaN,10.431826
4280.9307,11.022912,298.0,1.0,4280.9307,0.0,NaN,10.329133
4094.8723,10.6011715,298.0,1.0,4094.8723,0.0,NaN,14.121326
3978.9863,11.90052,298.0,1.0,3978.9863,0.0,NaN,12.688032
4003.536,9.131801,298.0,1.0,4003.536,0.0,NaN,2.9665768
4287.402,9.895935,298.0,1.0,4287.402,0.0,NaN,7.6037436
4284.077,11.41537,298.0,1.0,4284.077,0.0,NaN,11.016867
4251.7417,12.104129,298.0,1.0,4251.7417,0.0,NaN,5.694789
4207.9956,13.977675,298.0,1.0,4207.9956,0.0,NaN,1.1435777
4363.2183,10.553255,298.0,1.0,4363.2183,0.0,NaN,1.0726541
3945.5166,14.006552,298.0,1.0,3945.5166,0.0,NaN,7.7215166
4004.423,9.654511,298.0,1.0,4004.423,0.0,NaN,0.8543581
3917.1804,5.1038675,298.0,1.0,3917.1804,0.0,NaN,4.7572584
4024.0413,7.6005588,298.0,1.0,4024.0413,0.0,NaN,0.92242956
4456.606,5.1739597,298.0,1.0,4456.606,0.0,NaN,4.5036373
4408.236,13.530767,298.0,1.0,4408.236,0.0,NaN,15.072048
4500.0,12.066836,298.0,1.0,4500.0,0.0,NaN,12.323263
4175.434,12.015855,298.0,1.0,4175.434,0.0,NaN,9.3646345
3947.3342,15.808829,298.0,1.0,3947.3342,0.0,NaN,10.250815
3842.3616,14.551263,298.0,1.0,3842.3616,0.0,NaN,10.216534
4055.8064,10.425425,298.0,1.0,4055.8064,0.0,NaN,5.129343
3826.0022,13.264384,298.0,1.0,3826.0022,0.0,NaN,12.093526
3956.8748,13.281131,298.0,1.0,3956.8748,0.0,NaN,0.0
4441.561,7.247736,298.0,1.0,4441.561,0.0,NaN,7.0248275
4332.8135,11.149379,298.0,1.0,4332.8135,0.0,NaN,12.090343
4005.4536,13.426013,298.0,1.0,4005.4536,0.0,NaN,14.666432
4150.0654,11.768679,298.0,1.0,4150.0654,0.0,NaN,9.312403
3777.1953,12.783785,298.0,1.0,3777.1953,0.0,NaN,9.833506
3869.9316,12.1679535,298.0,1.0,3869.9316,0.0,NaN,6.37933
3910.259,17.495401,298.0,1.0,3910.259,0.0,NaN,5.2897573
4333.9165,14.048626,298.0,1.0,4333.9165,0.0,NaN,4.8416524
4296.484,11.637732,298.0,1.0,4296.484,0.0,NaN,0.0
4500.0,10.150923,298.0,1.0,4500.0,0.0,NaN,1.1906564
4094.428,3.0,298.0,1.0,4094.428,0.0,NaN,0.0
4375.002,9.01923,298.0,1.0,4375.002,0.0,NaN,7.530153
3860.478,13.737104,298.0,1.0,3860.478,0.0,NaN,15.390804
4266.4424,12.310347,298.0,1.0,4266.4424,0.0,NaN,12.048468
3952.9646,5.2374687,298.0,1.0,3952.9646,0.0,NaN,6.5909147
3951.2383,5.9729333,298.0,1.0,3951.2383,0.0,NaN,13.804054
4105.2363,6.0244417,298.0,1.0,4105.2363,0.0,NaN,2.4029195
4209.454,11.721852,298.0,1.0,4209.454,0.0,NaN,3.1885295
4122.5044,11.013106,298.0,1.0,4122.5044,0.0,NaN,13.006398
4181.526,8.983733,298.0,1.0,4181.526,0.0,NaN,8.398461
4262.079,15.73358,298.0,1.0,4262.079,0.0,NaN,5.1356645
4359.7583,11.6053915,298.0,1.0,4359.7583,0.0,NaN,8.416197
4401.0547,13.6508,298.0,1.0,4401.0547,0.0,NaN,6.783181
4364.54,12.83477,298.0,1.0,4364.54,0.0,NaN,16.598177
4383.0586,11.913671,298.0,1.0,4383.0586,0.0,NaN,20.949354
4150.524,14.601791,298.0,1.0,4150.524,0.0,NaN,13.585451
4200.5996,7.179419,298.0,1.0,4200.5996,0.0,NaN,8.242056
4403.1543,14.743616,298.0,1.0,4403.1543,0.0,NaN,14.619046
4500.0,12.308589,298.0,1.0,4500.0,0.0,NaN,6.942639
4493.079,5.7166038,298.0,1.0,4493.079,0.0,NaN,5.720198
4089.897,5.381175,298.0,1.0,4089.897,0.0,NaN,3.739986
4238.281,6.6709156,298.0,1.0,4238.281,0.0,NaN,1.4475793
4171.359,8.5320215,298.0,1.0,4171.359,0.0,NaN,4.9913673
4500.0,7.8229694,298.0,1.0,4500.0,0.0,NaN,3.4062624
3936.0906,9.8303795,298.0,1.0,3936.0906,0.0,NaN,11.931792
3727.3428,15.033449,298.0,1.0,3727.3428,0.0,NaN,4.335162
4365.3784,12.463471,298.0,1.0,4365.3784,0.0,NaN,8.314699
4290.1343,11.608013,298.0,1.0,4290.1343,0.0,NaN,6.416431
4227.8984,7.946269,298.0,1.0,4227.8984,0.0,NaN,12.051225
4173.668,11.187525,298.0,1.0,4173.668,0.0,NaN,13.608372
4067.082,17.142302,298.0,1.0,4067.082,0.0,NaN,8.058575
3930.3413,12.310794,298.0,1.0,3930.3413,0.0,NaN,6.72777
4376.356,10.260344,298.0,1.0,4376.356,0.0,NaN,6.1970024
4500.0,7.2395916,298.0,1.0,4500.0,0.0,NaN,10.347811
4222.2324,6.235495,298.0,1.0,4222.2324,0.0,NaN,9.2167015
4500.0,10.386325,298.0,1.0,4500.0,0.0,NaN,1.6142577
3644.5325,8.080825,298.0,1.0,3644.5325,0.0,NaN,5.972788
3958.564,8.974561,298.0,1.0,3958.564,0.0,NaN,8.561587
4063.056,10.371746,298.0,1.0,4063.056,0.0,NaN,10.717064
4062.6726,15.185962,298.0,1.0,4062.6726,0.0,NaN,9.325138
3971.1938,14.697457,298.0,1.0,3971.1938,0.0,NaN,0.32699704
4062.9836,9.815046,298.0,1.0,4062.9836,0.0,NaN,1.6018629
4488.124,5.271006,298.0,1.0,4488.124,0.0,NaN,10.462713
4251.88,6.9540935,298.0,1.0,4251.88,0.0,NaN,11.252019
4202.3965,4.2181625,298.0,1.0,4202.3965,0.0,NaN,6.956959
4500.0,10.89501,298.0,1.0,4500.0,0.0,NaN,8.808127
4096.126,12.94735,298.0,1.0,4096.126,0.0,NaN,8.096573
4085.8396,13.061589,298.0,1.0,4085.8396,0.0,NaN,7.911274
4335.69,11.386547,298.0,1.0,4335.69,0.0,NaN,5.994287
4204.5874,9.914198,298.0,1.0,4204.5874,0.0,NaN,0.0
3908.6348,13.03149,298.0,1.0,3908.6348,0.0,NaN,9.828231
4288.509,13.127267,298.0,1.0,4288.509,0.0,NaN,6.5501213
4151.4326,14.74052,298.0,1.0,4151.4326,0.0,NaN,9.615162
3948.4084,7.703721,298.0,1.0,3948.4084,0.0,NaN,7.5316963
4239.9155,5.0940337,298.0,1.0,4239.9155,0.0,NaN,8.814102
3939.7014,7.9230766,298.0,1.0,3939.7014,0.0,NaN,4.010028
4437.4434,3.0,298.0,1.0,4437.4434,0.0,NaN,8.555499
4136.6636,7.502077,298.0,1.0,4136.6636,0.0,NaN,8.484641
3684.1895,11.669667,298.0,1.0,3684.1895,0.0,NaN,10.438386
4261.672,12.169208,298.0,1.0,4261.672,0.0,NaN,17.249657
4167.3843,6.868676,298.0,1.0,4167.3843,0.0,NaN,10.83256
4107.794,16.8761,298.0,1.0,4107.794,0.0,NaN,13.346902
4493.845,14.295928,298.0,1.0,4493.845,0.0,NaN,5.2172956
3892.756,10.822921,298.0,1.0,3892.756,0.0,NaN,0.0
3869.185,10.2668705,298.0,1.0,3869.185,0.0,NaN,0.0
4423.099,10.207199,298.0,1.0,4423.099,0.0,NaN,4.01074
3959.3625,8.591964,298.0,1.0,3959.3625,0.0,NaN,3.632936
3796.1597,6.3100357,298.0,1.0,3796.1597,0.0,NaN,0.16174018
4168.564,9.117203,298.0,1.0,4168.564,0.0,NaN,7.7513366
4289.1934,4.1734715,298.0,1.0,4289.1934,0.0,NaN,0.0
3721.297,10.119765,298.0,1.0,3721.297,0.0,NaN,9.735855
3817.8289,12.356102,298.0,1.0,3817.8289,0.0,NaN,9.245282
4064.531,16.515223,298.0,1.0,4064.531,0.0,NaN,4.7019334
4115.8438,15.0661125,298.0,1.0,4115.8438,0.0,NaN,0.9450853
4012.8494,10.643385,298.0,1.0,4012.8494,0.0,NaN,3.9361625
4442.1265,12.413978,298.0,1.0,4442.1265,0.0,NaN,11.235296
4205.3296,7.6646967,298.0,1.0,4205.3296,0.0,NaN,3.565672
4004.118,4.1106715,298.0,1.0,4004.118,0.0,NaN,12.786296
4126.3115,7.9571137,298.0,1.0,4126.3115,0.0,NaN,11.067263
4201.288,7.9970307,298.0,1.0,4201.288,0.0,NaN,7.8366637
4321.5874,7.095358,298.0,1.0,4321.5874,0.0,NaN,7.45281
4218.1206,10.869062,298.0,1.0,4218.1206,0.0,NaN,2.00316
4293.56,10.313458,298.0,1.0,4293.56,0.0,NaN,8.242854
3616.0808,10.502012,298.0,1.0,3616.0808,0.0,NaN,1.6470283
3650.6008,9.122238,298.0,1.0,3650.6008,0.0,NaN,4.8221498
4058.1335,11.545327,298.0,1.0,4058.1335,0.0,NaN,5.064544
3854.814,10.661218,298.0,1.0,3854.814,0.0,NaN,2.275616
4266.1587,14.225005,298.0,1.0,4266.1587,0.0,NaN,2.9903798
4244.522,19.372566,298.0,1.0,4244.522,0.0,NaN,0.0
3678.3062,14.184453,298.0,1.0,3678.3062,0.0,NaN,6.759703
3916.099,5.7087746,298.0,1.0,3916.099,0.0,NaN,8.932575
4172.8203,11.258913,298.0,1.0,4172.8203,0.0,NaN,12.017647
4088.05,11.193854,298.0,1.0,4088.05,0.0,NaN,16.379013
4055.0544,6.732603,298.0,1.0,4055.0544,0.0,NaN,3.4602852
4162.7705,13.951961,298.0,1.0,4162.7705,0.0,NaN,1.2645453
4367.319,18.023285,298.0,1.0,4367.319,0.0,NaN,6.475699
4500.0,12.354433,298.0,1.0,4500.0,0.0,NaN,12.455458
3947.186,11.882429,298.0,1.0,3947.186,0.0,NaN,15.437898
4500.0,11.390187,298.0,1.0,4500.0,0.0,NaN,7.753521
4498.5303,12.31695,298.0,1.0,4498.5303,0.0,NaN,14.303881
4076.7673,12.472488,298.0,1.0,4076.7673,0.0,NaN,4.349956
4112.9116,8.464084,298.0,1.0,4112.9116,0.0,NaN,18.72417
3974.0977,16.981617,298.0,1.0,3974.0977,0.0,NaN,13.543359
4186.461,12.765427,298.0,1.0,4186.461,0.0,NaN,7.1145654
4139.528,14.081762,298.0,1.0,4139.528,0.0,NaN,16.433489
4005.7273,10.62652,298.0,1.0,4005.7273,0.0,NaN,8.063972
4272.421,14.260336,298.0,1.0,4272.421,0.0,NaN,6.558448
3969.7273,10.126061,298.0,1.0,3969.7273,0.0,NaN,8.64169
3908.0613,12.273395,298.0,1.0,3908.0613,0.0,NaN,10.200369
4110.713,11.99409,298.0,1.0,4110.713,0.0,NaN,15.825873
4137.741,8.2477255,298.0,1.0,4137.741,0.0,NaN,9.650766
4080.0244,9.953502,298.0,1.0,4080.0244,0.0,NaN,0.0
3655.5835,11.666209,298.0,1.0,3655.5835,0.0,NaN,0.0
4247.105,9.142763,298.0,1.0,4247.105,0.0,NaN,2.3614497
4500.0,3.0,298.0,1.0,4500.0,0.0,NaN,10.206124
4500.0,7.0806656,298.0,1.0,4500.0,0.0,NaN,12.329281
3979.8289,16.355574,298.0,1.0,3979.8289,0.0,NaN,5.8371873
3942.9277,13.016752,298.0,1.0,3942.9277,0.0,NaN,11.7733
4033.835,9.605719,298.0,1.0,4033.835,0.0,NaN,10.1434555
4291.564,8.597679,298.0,1.0,4291.564,0.0,NaN,6.068888
3888.435,14.000133,298.0,1.0,3888.435,0.0,NaN,5.4392757
4070.1296,8.453565,298.0,1.0,4070.1296,0.0,NaN,7.9035997
4354.6226,4.8975286,298.0,1.0,4354.6226,0.0,NaN,2.6610165
4074.0303,4.509268,298.0,1.0,4074.0303,0.0,NaN,2.803266
3595.6575,7.273594,298.0,1.0,3595.6575,0.0,NaN,0.0
4014.8237,9.340086,298.0,1.0,4014.8237,0.0,NaN,6.23489
4500.0,6.052378,298.0,1.0,4500.0,0.0,NaN,7.734525
3930.7412,7.90626,298.0,1.0,3930.7412,0.0,NaN,4.4041753
4061.5488,13.312955,298.0,1.0,4061.5488,0.0,NaN,7.9751196
4295.858,13.735111,298.0,1.0,4295.858,0.0,NaN,3.4551203
4194.449,10.544607,298.0,1.0,4194.449,0.0,NaN,7.398391
3769.4326,7.187528,298.0,1.0,3769.4326,0.0,NaN,9.623557
4144.7744,8.018008,298.0,1.0,4144.7744,0.0,NaN,0.0
3694.4355,9.340562,298.0,1.0,3694.4355,0.0,NaN,4.7887745
3798.0774,9.944237,298.0,1.0,3798.0774,0.0,NaN,7.2418213
4019.467,4.1752343,298.0,1.0,4019.467,0.0,NaN,2.0045729
4284.2065,7.017662,298.0,1.0,4284.2065,0.0,NaN,9.965101
4323.2905,5.99227,298.0,1.0,4323.2905,0.0,NaN,9.180278
3900.9097,7.5897503,298.0,1.0,3900.9097,0.0,NaN,0.72812736
4047.1575,4.902507,298.0,1.0,4047.1575,0.0,NaN,1.1499435
4060.234,11.223433,298.0,1.0,4060.234,0.0,NaN,3.365633
4313.462,9.779609,298.0,1.0,4313.462,0.0,NaN,8.891403
4137.4136,7.467535,298.0,1.0,4137.4136,0.0,NaN,0.0
3917.738,10.597816,298.0,1.0,3917.738,0.0,NaN,10.009268
4211.876,11.199485,298.0,1.0,4211.876,0.0,NaN,8.597779
4335.974,14.45484,298.0,1.0,4335.974,0.0,NaN,0.0
4204.1704,3.0,298.0,1.0,4204.1704,0.0,NaN,0.0
4124.102,4.3289685,298.0,1.0,4124.102,0.0,NaN,9.5874195
4224.2964,7.7403617,298.0,1.0,4224.2964,0.0,NaN,6.723881
4087.4941,14.560878,298.0,1.0,4087.4941,0.0,NaN,8.525366
4092.414,7.363354,298.0,1.0,4092.414,0.0,NaN,0.0
4393.1226,10.507062,298.0,1.0,4393.1226,0.0,NaN,1.16449
4500.0,14.802809,298.0,1.0,4500.0,0.0,NaN,14.182183
4465.513,19.638317,298.0,1.0,4465.513,0.0,NaN,10.878027
4359.2666,12.034441,298.0,1.0,4359.2666,0.0,NaN,6.965649
4159.9624,9.890646,298.0,1.0,4159.9624,0.0,NaN,10.511494
4274.4575,12.903588,298.0,1.0,4274.4575,0.0,NaN,6.3233523
4107.3716,9.61686,298.0,1.0,4107.3716,0.0,NaN,6.833151
4421.93,13.850869,298.0,1.0,4421.93,0.0,NaN,14.070121
4466.1104,12.798225,298.0,1.0,4466.1104,0.0,NaN,11.714122
3850.8977,12.3028145,298.0,1.0,3850.8977,0.0,NaN,6.441608
4362.9365,15.5917425,298.0,1.0,4362.9365,0.0,NaN,7.371113
4110.581,16.752987,298.0,1.0,4110.581,0.0,NaN,12.324807
4167.423,10.413073,298.0,1.0,4167.423,0.0,NaN,7.55665
4408.95,12.2033825,298.0,1.0,4408.95,0.0,NaN,8.956954
4238.0225,7.6530538,298.0,1.0,4238.0225,0.0,NaN,12.051666
4156.5293,5.8325634,298.0,1.0,4156.5293,0.0,NaN,3.862816
4295.0273,6.1222906,298.0,1.0,4295.0273,0.0,NaN,6.781909
3895.8696,13.099103,298.0,1.0,3895.8696,0.0,NaN,9.080521
4358.839,13.048045,298.0,1.0,4358.839,0.0,NaN,13.896
4497.238,7.1712484,298.0,1.0,4497.238,0.0,NaN,6.1121254
4245.679,7.6149774,298.0,1.0,4245.679,0.0,NaN,12.517458
4190.7256,5.3981414,298.0,1.0,4190.7256,0.0,NaN,7.003698
4358.6333,12.501945,298.0,1.0,4358.6333,0.0,NaN,1.5108019
4260.218,8.871139,298.0,1.0,4260.218,0.0,NaN,15.164984
3878.2686,6.51683,298.0,1.0,3878.2686,0.0,NaN,9.876069
3891.5378,9.217094,298.0,1.0,3891.5378,0.0,NaN,8.844196
3668.2607,10.779701,298.0,1.0,3668.2607,0.0,NaN,9.172729
3870.3838,5.7889104,298.0,1.0,3870.3838,0.0,NaN,8.689841
3995.5642,6.2522235,298.0,1.0,3995.5642,0.0,NaN,2.906087
4269.5947,8.649607,298.0,1.0,4269.5947,0.0,NaN,3.3890576
4238.373,3.6393151,298.0,1.0,4238.373,0.0,NaN,14.789859
3763.836,8.66779,298.0,1.0,3763.836,0.0,NaN,15.604827
3982.4067,9.910891,298.0,1.0,3982.4067,0.0,NaN,16.349836
3790.435,9.953444,298.0,1.0,3790.435,0.0,NaN,0.7278949
4290.672,14.794302,298.0,1.0,4290.672,0.0,NaN,9.205404
4350.364,12.9467745,298.0,1.0,4350.364,0.0,NaN,4.171631
4184.3423,18.413504,298.0,1.0,4184.3423,0.0,NaN,11.9087515
4069.6694,13.253172,298.0,1.0,4069.6694,0.0,NaN,15.4711275
3968.0244,9.685755,298.0,1.0,3968.0244,0.0,NaN,7.8974366
4500.0,11.711826,298.0,1.0,4500.0,0.0,NaN,2.2425504
4500.0,7.2137733,298.0,1.0,4500.0,0.0,NaN,12.956774
4296.459,12.990235,298.0,1.0,4296.459,0.0,NaN,11.947453
4349.622,13.032803,298.0,1.0,4349.622,0.0,NaN,8.107695
4447.468,9.431486,298.0,1.0,4447.468,0.0,NaN,6.7497673
4333.452,15.191062,298.0,1.0,4333.452,0.0,NaN,8.639532
4500.0,8.256068,298.0,1.0,4500.0,0.0,NaN,9.029889
4210.4097,9.87075,298.0,1.0,4210.4097,0.0,NaN,12.396958
4306.2183,14.100312,298.0,1.0,4306.2183,0.0,NaN,15.739027
4332.5205,11.843204,298.0,1.0,4332.5205,0.0,NaN,12.434268
4199.4634,12.009871,298.0,1.0,4199.4634,0.0,NaN,8.3168955
4104.517,8.632003,298.0,1.0,4104.517,0.0,NaN,13.506392
4060.559,10.464377,298.0,1.0,4060.559,0.0,NaN,9.389496
3900.6177,6.889418,298.0,1.0,3900.6177,0.0,NaN,4.1852145
4500.0,3.0,298.0,1.0,4500.0,0.0,NaN,9.649044
4469.3696,10.220556,298.0,1.0,4469.3696,0.0,NaN,5.338633
4500.0,13.565701,298.0,1.0,4500.0,0.0,NaN,4.279032
4500.0,17.958199,298.0,1.0,4500.0,0.0,NaN,4.0725856
4465.642,16.198513,298.0,1.0,4465.642,0.0,NaN,1.8438935
4033.1492,12.386275,298.0,1.0,4033.1492,0.0,NaN,5.1944227
3748.824,7.1264052,298.0,1.0,3748.824,0.0,NaN,7.1974545
3997.1091,4.8663354,298.0,1.0,3997.1091,0.0,NaN,4.60521
3923.3318,6.058207,298.0,1.0,3923.3318,0.0,NaN,6.892583
4265.3496,6.2449656,298.0,1.0,4265.3496,0.0,NaN,0.0
4185.7456,8.73332,298.0,1.0,4185.7456,0.0,NaN,5.5033116
4161.38,10.353254,298.0,1.0,4161.38,0.0,NaN,13.86697
4197.646,3.0,298.0,1.0,4197.646,0.0,NaN,7.540059
4150.0815,11.917834,298.0,1.0,4150.0815,0.0,NaN,8.6794195
3729.7786,19.983168,298.0,1.0,3729.7786,0.0,NaN,0.18252134
4105.503,12.082431,298.0,1.0,4105.503,0.0,NaN,9.701946
4406.1323,17.227583,298.0,1.0,4406.1323,0.0,NaN,5.995673
4433.789,11.466313,298.0,1.0,4433.789,0.0,NaN,19.76297
4361.559,6.0420294,298.0,1.0,4361.559,0.0,NaN,10.459599
4461.675,3.0,298.0,1.0,4461.675,0.0,NaN,12.97254
4078.2192,4.212871,298.0,1.0,4078.2192,0.0,NaN,0.0
4057.166,8.232712,298.0,1.0,4057.166,0.0,NaN,7.0304813
3819.0596,8.6629505,298.0,1.0,3819.0596,0.0,NaN,3.6981611
4073.5662,12.499206,298.0,1.0,4073.5662,0.0,NaN,6.6733956
4213.1396,5.8007355,298.0,1.0,4213.1396,0.0,NaN,1.7984182
4089.86,7.2073617,298.0,1.0,4089.86,0.0,NaN,6.3610644
3879.1465,11.266926,298.0,1.0,3879.1465,0.0,NaN,13.003466
4054.0356,14.887864,298.0,1.0,4054.0356,0.0,NaN,9.178194
4381.016,12.272491,298.0,1.0,4381.016,0.0,NaN,9.559881
4500.0,17.289478,298.0,1.0,4500.0,0.0,NaN,9.381708
4190.2715,9.671729,298.0,1.0,4190.2715,0.0,NaN,12.565491
4327.421,7.4049644,298.0,1.0,4327.421,0.0,NaN,12.718836
4188.888,4.062811,298.0,1.0,4188.888,0.0,NaN,5.250919
4174.583,12.73398,298.0,1.0,4174.583,0.0,NaN,0.0
4500.0,14.010719,298.0,1.0,4500.0,0.0,NaN,0.0
4447.6343,16.22081,298.0,1.0,4447.6343,0.0,NaN,3.4519463
4301.7437,14.505176,298.0,1.0,4301.7437,0.0,NaN,13.041266
4233.1743,10.946394,298.0,1.0,4233.1743,0.0,NaN,12.053201
4170.153,11.22486,298.0,1.0,4170.153,0.0,NaN,10.550841
4147.106,10.026655,298.0,1.0,4147.106,0.0,NaN,4.1772814
4269.7354,9.548049,298.0,1.0,4269.7354,0.0,NaN,10.582214
4310.2573,4.2822566,298.0,1.0,4310.2573,0.0,NaN,7.1789923
4500.0,12.933156,298.0,1.0,4500.0,0.0,NaN,9.574974
4276.864,16.766426,298.0,1.0,4276.864,0.0,NaN,5.027932
4500.0,17.35543,298.0,1.0,4500.0,0.0,NaN,6.349725
4500.0,10.886125,298.0,1.0,4500.0,0.0,NaN,10.519418
4093.0303,6.6439853,298.0,1.0,4093.0303,0.0,NaN,10.075307
4108.973,11.27151,298.0,1.0,4108.973,0.0,NaN,4.4849515
4054.7212,13.210064,298.0,1.0,4054.7212,0.0,NaN,9.525201
3966.53,11.5309725,298.0,1.0,3966.53,0.0,NaN,7.9761715
4258.968,13.707271,298.0,1.0,4258.968,0.0,NaN,8.565455
4147.9146,11.162084,298.0,1.0,4147.9146,0.0,NaN,6.755963
4500.0,6.758022,298.0,1.0,4500.0,0.0,NaN,0.2937168
4500.0,11.093479,298.0,1.0,4500.0,0.0,NaN,0.0
4500.0,17.976173,298.0,1.0,4500.0,0.0,NaN,7.369745
3987.942,13.127298,298.0,1.0,3987.942,0.0,NaN,11.823005
4422.654,13.76944,298.0,1.0,4422.654,0.0,NaN,9.240946
3871.032,12.335905,298.0,1.0,3871.032,0.0,NaN,10.23992
4174.6724,13.726485,298.0,1.0,4174.6724,0.0,NaN,19.667065
4398.051,10.2378,298.0,1.0,4398.051,0.0,NaN,8.15942
4024.9028,11.994745,298.0,1.0,4024.9028,0.0,NaN,11.837801
4286.5728,16.111786,298.0,1.0,4286.5728,0.0,NaN,6.407711
4309.6265,15.571286,298.0,1.0,4309.6265,0.0,NaN,7.456434
4176.3228,14.954168,298.0,1.0,4176.3228,0.0,NaN,0.0
3987.5173,4.448113,298.0,1.0,3987.5173,0.0,NaN,7.105911
3989.0002,4.439557,298.0,1.0,3989.0002,0.0,NaN,0.0
4005.088,9.632544,298.0,1.0,4005.088,0.0,NaN,15.028217
3961.6616,10.4817295,298.0,1.0,3961.6616,0.0,NaN,4.2315006
4432.0664,8.868459,298.0,1.0,4432.0664,0.0,NaN,8.0530405
3948.3728,7.6358676,298.0,1.0,3948.3728,0.0,NaN,0.2910763
4500.0,10.960685,298.0,1.0,4500.0,0.0,NaN,5.7189317
4222.5474,9.2754135,298.0,1.0,4222.5474,0.0,NaN,6.2724113
4500.0,7.542012,298.0,1.0,4500.0,0.0,NaN,10.00345
4378.4834,6.1262584,298.0,1.0,4378.4834,0.0,NaN,1.88061
4156.938,6.7325454,298.0,1.0,4156.938,0.0,NaN,0.0
3720.4727,8.83672,298.0,1.0,3720.4727,0.0,NaN,6.2612267
3981.7712,12.432199,298.0,1.0,3981.7712,0.0,NaN,10.469023
4055.1257,15.644954,298.0,1.0,4055.1257,0.0,NaN,6.4206986
3806.2659,15.24121,298.0,1.0,3806.2659,0.0,NaN,5.739278
3990.806,12.7362,298.0,1.0,3990.806,0.0,NaN,0.0
4433.6016,16.27466,298.0,1.0,4433.6016,0.0,NaN,5.14988
4500.0,11.836354,298.0,1.0,4500.0,0.0,NaN,11.458635
4500.0,8.370536,298.0,1.0,4500.0,0.0,NaN,12.279129
4487.813,3.0,298.0,1.0,4487.813,0.0,NaN,14.20359
4459.012,7.0168614,298.0,1.0,4459.012,0.0,NaN,5.6892395
4211.475,7.995425,298.0,1.0,4211.475,0.0,NaN,12.821352
4140.2686,5.088411,298.0,1.0,4140.2686,0.0,NaN,0.0
4500.0,14.025618,298.0,1.0,4500.0,0.0,NaN,10.104811
4075.28,16.447542,298.0,1.0,4075.28,0.0,NaN,4.6608567
4071.001,10.681351,298.0,1.0,4071.001,0.0,NaN,0.039240718
4269.112,5.4234924,298.0,1.0,4269.112,0.0,NaN,0.0
4500.0,3.3130794,298.0,1.0,4500.0,0.0,NaN,10.460406
4453.494,10.139773,298.0,1.0,4453.494,0.0,NaN,16.05624
4256.1753,20.78178,298.0,1.0,4256.1753,0.0,NaN,11.370909
4409.447,21.491283,298.0,1.0,4409.447,0.0,NaN,9.763512
4151.0654,15.247068,298.0,1.0,4151.0654,0.0,NaN,1.1831015
4500.0,9.736271,298.0,1.0,4500.0,0.0,NaN,0.0
4309.2383,14.287957,298.0,1.0,4309.2383,0.0,NaN,4.706493
4500.0,13.214527,298.0,1.0,4500.0,0.0,NaN,16.778452
4461.73,7.409134,298.0,1.0,4461.73,0.0,NaN,16.234926
4500.0,11.336902,298.0,1.0,4500.0,0.0,NaN,3.3525944
4203.0244,10.511333,298.0,1.0,4203.0244,0.0,NaN,13.378403
4292.2603,9.438634,298.0,1.0,4292.2603,0.0,NaN,16.091368
4500.0,14.790636,298.0,1.0,4500.0,0.0,NaN,5.3047776
4497.6226,6.2265735,298.0,1.0,4497.6226,0.0,NaN,0.5382031
4022.4404,11.009384,298.0,1.0,4022.4404,0.0,NaN,9.479388
4074.5627,14.493982,298.0,1.0,4074.5627,0.0,NaN,1.5070319
4060.4553,12.348221,298.0,1.0,4060.4553,0.0,NaN,8.145833
4009.664,16.48132,298.0,1.0,4009.664,0.0,NaN,1.2397915
4017.5679,16.9,298.0,1.0,4017.5679,0.0,NaN,3.3501716
4269.1216,10.0983305,298.0,1.0,4269.1216,0.0,NaN,6.867093
4285.8857,7.9948163,298.0,1.0,4285.8857,0.0,NaN,0.69476366
4323.0483,5.9767413,298.0,1.0,4323.0483,0.0,NaN,5.5235744
4349.9194,13.661687,298.0,1.0,4349.9194,0.0,NaN,10.037899
4149.1855,11.653074,298.0,1.0,4149.1855,0.0,NaN,15.046472
4350.4844,17.608599,298.0,1.0,4350.4844,0.0,NaN,15.430063
4200.107,14.477174,298.0,1.0,4200.107,0.0,NaN,10.903099
3871.4233,15.549643,298.0,1.0,3871.4233,0.0,NaN,10.953227
4168.8853,16.392454,298.0,1.0,4168.8853,0.0,NaN,0.0
3881.5425,11.187792,298.0,1.0,3881.5425,0.0,NaN,5.413854
3981.8906,4.585438,298.0,1.0,3981.8906,0.0,NaN,6.378856
3934.66,7.2676935,298.0,1.0,3934.66,0.0,NaN,6.6928267
4412.7183,8.022036,298.0,1.0,4412.7183,0.0,NaN,10.370949
4217.513,5.491376,298.0,1.0,4217.513,0.0,NaN,5.090001
4227.569,7.0557103,298.0,1.0,4227.569,0.0,NaN,11.640358
4500.0,15.017196,298.0,1.0,4500.0,0.0,NaN,12.328559
4172.085,12.026122,298.0,1.0,4172.085,0.0,NaN,2.2412868
4199.031,8.587749,298.0,1.0,4199.031,0.0,NaN,0.0
4052.3154,10.154983,298.0,1.0,4052.3154,0.0,NaN,0.48986077
4118.903,3.0920224,298.0,1.0,4118.903,0.0,NaN,0.35185814
4304.761,11.833152,298.0,1.0,4304.761,0.0,NaN,14.918196
3968.7568,16.975504,298.0,1.0,3968.7568,0.0,NaN,4.5904784
3616.7805,11.308853,298.0,1.0,3616.7805,0.0,NaN,4.276836
3989.9062,14.393412,298.0,1.0,3989.9062,0.0,NaN,10.098642
4172.534,11.169981,298.0,1.0,4172.534,0.0,NaN,15.178812
3954.7349,9.108557,298.0,1.0,3954.7349,0.0,NaN,14.387819
4104.86,13.140995,298.0,1.0,4104.86,0.0,NaN,16.229847
4193.912,9.847155,298.0,1.0,4193.912,0.0,NaN,10.08318
4233.217,12.220239,298.0,1.0,4233.217,0.0,NaN,6.112823
4295.5015,11.433144,298.0,1.0,4295.5015,0.0,NaN,1.143992
3985.6438,15.981805,298.0,1.0,3985.6438,0.0,NaN,6.560975
4046.4402,12.540357,298.0,1.0,4046.4402,0.0,NaN,13.399208
3965.9111,3.2112048,298.0,1.0,3965.9111,0.0,NaN,15.510252
4126.0254,8.534422,298.0,1.0,4126.0254,0.0,NaN,8.059937
4041.5554,6.092208,298.0,1.0,4041.5554,0.0,NaN,15.753853
4189.5024,9.375844,298.0,1.0,4189.5024,0.0,NaN,6.9578977
3877.227,6.3848023,298.0,1.0,3877.227,0.0,NaN,6.7732277
3836.046,14.215642,298.0,1.0,3836.046,0.0,NaN,0.9301424
3894.1382,13.745994,298.0,1.0,3894.1382,0.0,NaN,11.521533
4365.2744,16.364784,298.0,1.0,4365.2744,0.0,NaN,16.62358
3758.4297,17.89642,298.0,1.0,3758.4297,0.0,NaN,11.021462
3932.6077,14.158515,298.0,1.0,3932.6077,0.0,NaN,6.5823975
3819.1218,15.080774,298.0,1.0,3819.1218,0.0,NaN,0.95400214
4275.7705,10.248708,298.0,1.0,4275.7705,0.0,NaN,7.5797706
4144.552,11.366975,298.0,1.0,4144.552,0.0,NaN,5.840307
4002.8784,12.737109,298.0,1.0,4002.8784,0.0,NaN,0.9383291
3841.7375,10.725278,298.0,1.0,3841.7375,0.0,NaN,8.978644
4283.2725,5.300646,298.0,1.0,4283.2725,0.0,NaN,0.21018684
3990.9417,13.743304,298.0,1.0,3990.9417,0.0,NaN,8.618337
3796.0295,9.477966,298.0,1.0,3796.0295,0.0,NaN,6.206572
3853.1575,15.100271,298.0,1.0,3853.1575,0.0,NaN,2.66757
3792.7493,14.828749,298.0,1.0,3792.7493,0.0,NaN,2.3446262
3889.8772,13.319978,298.0,1.0,3889.8772,0.0,NaN,16.871878
4420.4365,9.242102,298.0,1.0,4420.4365,0.0,NaN,5.4312587
4202.6465,10.472141,298.0,1.0,4202.6465,0.0,NaN,12.691268
4129.7437,9.834345,298.0,1.0,4129.7437,0.0,NaN,9.942574
4266.343,7.9706573,298.0,1.0,4266.343,0.0,NaN,11.129186
4049.97,7.13938,298.0,1.0,4049.97,0.0,NaN,14.363769
4180.985,8.88833,298.0,1.0,4180.985,0.0,NaN,18.70975
4476.115,9.951203,298.0,1.0,4476.115,0.0,NaN,0.0
4403.086,8.946434,298.0,1.0,4403.086,0.0,NaN,16.25619
3949.8472,6.9551315,298.0,1.0,3949.8472,0.0,NaN,10.37418
4269.4194,11.141164,298.0,1.0,4269.4194,0.0,NaN,7.074073
4013.0803,13.691676,298.0,1.0,4013.0803,0.0,NaN,0.0
4178.6357,11.764493,298.0,1.0,4178.6357,0.0,NaN,0.0
3919.6394,3.0,298.0,1.0,3919.6394,0.0,NaN,13.9707775
4159.2603,6.10807,298.0,1.0,4159.2603,0.0,NaN,12.193176
4430.0815,12.483692,298.0,1.0,4430.0815,0.0,NaN,5.582613
3785.162,9.0889845,298.0,1.0,3785.162,0.0,NaN,1.8354923
3691.132,11.435645,298.0,1.0,3691.132,0.0,NaN,14.387947
4251.4106,15.661649,298.0,1.0,4251.4106,0.0,NaN,7.9263926
4428.785,14.706309,298.0,1.0,4428.785,0.0,NaN,14.037648
4277.142,10.115896,298.0,1.0,4277.142,0.0,NaN,5.721328
4289.225,11.614556,298.0,1.0,4289.225,0.0,NaN,10.870129
3915.0562,3.1615117,298.0,1.0,3915.0562,0.0,NaN,14.299
3748.6208,13.200718,298.0,1.0,3748.6208,0.0,NaN,11.892477
3587.302,11.159117,298.0,1.0,3587.302,0.0,NaN,4.9640923
4211.5234,16.799614,298.0,1.0,4211.5234,0.0,NaN,0.0
4500.0,16.179539,298.0,1.0,4500.0,0.0,NaN,9.5596285
4255.383,9.60619,298.0,1.0,4255.383,0.0,NaN,5.797899
3821.0007,6.432269,298.0,1.0,3821.0007,0.0,NaN,9.166259
3812.4563,11.319836,298.0,1.0,3812.4563,0.0,NaN,5.896196
4413.0557,8.451242,298.0,1.0,4413.0557,0.0,NaN,4.4950514
4441.1006,10.951478,298.0,1.0,4441.1006,0.0,NaN,2.9017448
4076.1882,10.229263,298.0,1.0,4076.1882,0.0,NaN,2.0106375
4399.0674,12.765481,298.0,1.0,4399.0674,0.0,NaN,13.829801
4362.975,16.59858,298.0,1.0,4362.975,0.0,NaN,0.0
4229.3687,10.934675,298.0,1.0,4229.3687,0.0,NaN,8.949557
3933.4014,15.432241,298.0,1.0,3933.4014,0.0,NaN,14.923191
4050.7913,21.337904,298.0,1.0,4050.7913,0.0,NaN,11.031074
4101.1133,10.609723,298.0,1.0,4101.1133,0.0,NaN,4.7389417
4165.994,12.705159,298.0,1.0,4165.994,0.0,NaN,7.810092
4500.0,9.08225,298.0,1.0,4500.0,0.0,NaN,11.078564
4383.1396,10.918489,298.0,1.0,4383.1396,0.0,NaN,6.9577723
3761.6562,3.6632602,298.0,1.0,3761.6562,0.0,NaN,12.435004
4047.931,8.522729,298.0,1.0,4047.931,0.0,NaN,9.210554
4483.2637,11.203013,298.0,1.0,4483.2637,0.0,NaN,7.904813
4281.838,14.193267,298.0,1.0,4281.838,0.0,NaN,7.284334
4344.9473,19.349983,298.0,1.0,4344.9473,0.0,NaN,0.0
4010.4453,6.6935124,298.0,1.0,4010.4453,0.0,NaN,6.6978426
4384.27,14.700868,298.0,1.0,4384.27,0.0,NaN,16.746382
4101.8657,9.947616,298.0,1.0,4101.8657,0.0,NaN,0.0
4394.111,7.6814017,298.0,1.0,4394.111,0.0,NaN,0.65594614
4318.5537,18.368353,298.0,1.0,4318.5537,0.0,NaN,11.746693
4052.72,14.835343,298.0,1.0,4052.72,0.0,NaN,8.521199
4500.0,9.192969,298.0,1.0,4500.0,0.0,NaN,4.8559847
3932.3054,14.949292,298.0,1.0,3932.3054,0.0,NaN,2.7560592
4202.6914,15.511565,298.0,1.0,4202.6914,0.0,NaN,13.856524
3925.7048,8.705284,298.0,1.0,3925.7048,0.0,NaN,5.9669285
3847.411,12.649034,298.0,1.0,3847.411,0.0,NaN,17.515686
3911.1902,15.383195,298.0,1.0,3911.1902,0.0,NaN,3.5242944
4234.0493,9.766746,298.0,1.0,4234.0493,0.0,NaN,7.740548
4244.6694,7.504361,298.0,1.0,4244.6694,0.0,NaN,9.731385
3973.6519,9.550077,298.0,1.0,3973.6519,0.0,NaN,10.684419
4153.2993,9.336245,298.0,1.0,4153.2993,0.0,NaN,7.466352
3972.8633,11.608548,298.0,1.0,3972.8633,0.0,NaN,12.614626
4138.5034,9.185242,298.0,1.0,4138.5034,0.0,NaN,7.4643345
4180.2153,14.958188,298.0,1.0,4180.2153,0.0,NaN,14.8597
4134.856,11.639917,298.0,1.0,4134.856,0.0,NaN,15.351761
4137.3745,7.439213,298.0,1.0,4137.3745,0.0,NaN,8.219197
4276.404,13.259616,298.0,1.0,4276.404,0.0,NaN,8.558676
3950.5662,10.828388,298.0,1.0,3950.5662,0.0,NaN,1.1624724
4210.0645,4.000608,298.0,1.0,4210.0645,0.0,NaN,5.59119
4392.6133,9.43162,298.0,1.0,4392.6133,0.0,NaN,4.6577096
4211.1777,10.252304,298.0,1.0,4211.1777,0.0,NaN,6.1020164
3946.8044,7.130868,298.0,1.0,3946.8044,0.0,NaN,11.647758
3673.7349,9.858172,298.0,1.0,3673.7349,0.0,NaN,5.7542324
4442.8354,12.609151,298.0,1.0,4442.8354,0.0,NaN,9.009835
4291.2876,11.611438,298.0,1.0,4291.2876,0.0,NaN,6.4089656
3911.747,19.724573,298.0,1.0,3911.747,0.0,NaN,3.9294453
4006.8235,14.603668,298.0,1.0,4006.8235,0.0,NaN,5.4799557
4363.1616,8.813061,298.0,1.0,4363.1616,0.0,NaN,4.9382567
3583.633,7.4544225,298.0,1.0,3583.633,0.0,NaN,5.713925
3859.1064,9.180409,298.0,1.0,3859.1064,0.0,NaN,0.0
4072.0981,13.519005,298.0,1.0,4072.0981,0.0,NaN,8.890167
3840.412,11.987347,298.0,1.0,3840.412,0.0,NaN,10.930029
4194.2754,10.59062,298.0,1.0,4194.2754,0.0,NaN,8.182958
3960.454,15.023576,298.0,1.0,3960.454,0.0,NaN,15.403461
4020.7808,7.573808,298.0,1.0,4020.7808,0.0,NaN,6.875837
4318.9263,10.305905,298.0,1.0,4318.9263,0.0,NaN,7.098156
4220.021,13.539868,298.0,1.0,4220.021,0.0,NaN,8.776867
4105.299,13.292269,298.0,1.0,4105.299,0.0,NaN,6.3642206
3948.1836,13.655431,298.0,1.0,3948.1836,0.0,NaN,11.517757
4146.36,14.350988,298.0,1.0,4146.36,0.0,NaN,12.571258
4196.45,11.197169,298.0,1.0,4196.45,0.0,NaN,3.886336
3719.1958,9.656319,298.0,1.0,3719.1958,0.0,NaN,5.6441426
4184.3447,10.646105,298.0,1.0,4184.3447,0.0,NaN,5.786851
4194.078,11.341842,298.0,1.0,4194.078,0.0,NaN,4.1713266
4372.2515,13.023357,298.0,1.0,4372.2515,0.0,NaN,6.5076857
4309.5625,5.477283,298.0,1.0,4309.5625,0.0,NaN,3.187716
4500.0,12.297182,298.0,1.0,4500.0,0.0,NaN,5.113685
4464.458,10.310747,298.0,1.0,4464.458,0.0,NaN,2.4318814
4241.273,9.152826,298.0,1.0,4241.273,0.0,NaN,4.205379
3827.7764,4.4805226,298.0,1.0,3827.7764,0.0,NaN,9.1663685
4256.8267,7.402463,298.0,1.0,4256.8267,0.0,NaN,0.0
4434.524,10.13506,298.0,1.0,4434.524,0.0,NaN,10.786009
4095.496,13.437695,298.0,1.0,4095.496,0.0,NaN,1.424247
4073.9119,12.383435,298.0,1.0,4073.9119,0.0,NaN,6.3002768
3979.4094,12.794448,298.0,1.0,3979.4094,0.0,NaN,15.214893
3810.5532,10.150727,298.0,1.0,3810.5532,0.0,NaN,14.255378
4023.5498,8.820477,298.0,1.0,4023.5498,0.0,NaN,2.6756315
4056.1377,4.889148,298.0,1.0,4056.1377,0.0,NaN,5.2297297
4500.0,10.021028,298.0,1.0,4500.0,0.0,NaN,7.1414204
4500.0,7.4925885,298.0,1.0,4500.0,0.0,NaN,10.690686
4344.8037,14.969294,298.0,1.0,4344.8037,0.0,NaN,1.2049913
4109.7153,9.964081,298.0,1.0,4109.7153,0.0,NaN,2.3371458
4192.492,5.8758874,298.0,1.0,4192.492,0.0,NaN,10.172346
3928.2598,6.9637775,298.0,1.0,3928.2598,0.0,NaN,7.136199
3576.093,3.697251,298.0,1.0,3576.093,0.0,NaN,14.571914
4035.2297,11.600721,298.0,1.0,4035.2297,0.0,NaN,17.118729
4261.4585,10.292569,298.0,1.0,4261.4585,0.0,NaN,14.528227
4049.0078,10.156368,298.0,1.0,4049.0078,0.0,NaN,9.580246
4004.2126,12.705813,298.0,1.0,4004.2126,0.0,NaN,11.63694
3829.1653,7.212687,298.0,1.0,3829.1653,0.0,NaN,1.8049777
4029.1914,3.8894508,298.0,1.0,4029.1914,0.0,NaN,7.4058743
4500.0,3.160729,298.0,1.0,4500.0,0.0,NaN,3.1587243
4500.0,8.187871,298.0,1.0,4500.0,0.0,NaN,9.604952
4275.997,12.132887,298.0,1.0,4275.997,0.0,NaN,13.271067
4500.0,12.076209,298.0,1.0,4500.0,0.0,NaN,8.059439
4414.5317,10.186032,298.0,1.0,4414.5317,0.0,NaN,2.2334547
4500.0,6.11679,298.0,1.0,4500.0,0.0,NaN,10.128188
4272.2285,9.099458,298.0,1.0,4272.2285,0.0,NaN,13.0551815
4254.4624,7.449193,298.0,1.0,4254.4624,0.0,NaN,9.508592
3907.3118,11.301092,298.0,1.0,3907.3118,0.0,NaN,16.489271
4169.383,13.403189,298.0,1.0,4169.383,0.0,NaN,5.442828
4150.2363,8.498164,298.0,1.0,4150.2363,0.0,NaN,2.2008152
3724.527,11.728123,298.0,1.0,3724.527,0.0,NaN,5.385989
3887.6233,13.958352,298.0,1.0,3887.6233,0.0,NaN,1.4027268
4047.9883,3.0,298.0,1.0,4047.9883,0.0,NaN,8.820105
3881.5457,8.037909,298.0,1.0,3881.5457,0.0,NaN,10.295683
3881.5315,18.711603,298.0,1.0,3881.5315,0.0,NaN,15.119553
4062.1614,22.118282,298.0,1.0,4062.1614,0.0,NaN,4.6230316
3998.6858,10.702329,298.0,1.0,3998.6858,0.0,NaN,5.7582498
3949.9836,7.6776094,298.0,1.0,3949.9836,0.0,NaN,5.5896373
3801.3806,10.335064,298.0,1.0,3801.3806,0.0,NaN,13.648516
4195.41,10.876155,298.0,1.0,4195.41,0.0,NaN,9.864563
4016.9456,19.706795,298.0,1.0,4016.9456,0.0,NaN,13.04475
4349.298,14.017507,298.0,1.0,4349.298,0.0,NaN,8.757019
4102.313,11.543826,298.0,1.0,4102.313,0.0,NaN,3.8318305
3901.7378,13.606766,298.0,1.0,3901.7378,0.0,NaN,0.0
4189.1406,13.62745,298.0,1.0,4189.1406,0.0,NaN,1.8099397
4500.0,11.059974,298.0,1.0,4500.0,0.0,NaN,11.314243
4128.7437,10.14041,298.0,1.0,4128.7437,0.0,NaN,0.0
4280.1694,9.383644,298.0,1.0,4280.1694,0.0,NaN,11.898234
3885.3591,10.955933,298.0,1.0,3885.3591,0.0,NaN,14.674557
3592.898,14.039385,298.0,1.0,3592.898,0.0,NaN,18.354956
4500.0,11.436149,298.0,1.0,4500.0,0.0,NaN,14.108115
3804.2593,10.699966,298.0,1.0,3804.2593,0.0,NaN,4.504159
3748.2393,7.5885305,298.0,1.0,3748.2393,0.0,NaN,8.986672
4177.176,8.535598,298.0,1.0,4177.176,0.0,NaN,9.060886
4376.7544,8.768228,298.0,1.0,4376.7544,0.0,NaN,9.772411
4014.6887,10.045273,298.0,1.0,4014.6887,0.0,NaN,3.9229364
4247.9526,7.148707,298.0,1.0,4247.9526,0.0,NaN,7.5383754
4152.353,7.2466497,298.0,1.0,4152.353,0.0,NaN,11.383909
4238.238,11.01098,298.0,1.0,4238.238,0.0,NaN,13.015643
4099.806,10.309142,298.0,1.0,4099.806,0.0,NaN,9.205052
4403.8633,7.7883296,298.0,1.0,4403.8633,0.0,NaN,9.409836
3961.6484,4.559692,298.0,1.0,3961.6484,0.0,NaN,3.3436835
3901.3442,8.184857,298.0,1.0,3901.3442,0.0,NaN,4.2927322
3586.0981,11.859868,298.0,1.0,3586.0981,0.0,NaN,12.709647
4018.4849,5.9557753,298.0,1.0,4018.4849,0.0,NaN,12.210637
4390.2085,5.343175,298.0,1.0,4390.2085,0.0,NaN,7.2942705
4205.276,8.863812,298.0,1.0,4205.276,0.0,NaN,0.0
3843.4668,8.9856205,298.0,1.0,3843.4668,0.0,NaN,11.152082
3862.053,10.073836,298.0,1.0,3862.053,0.0,NaN,1.6560048
3670.2922,13.388177,298.0,1.0,3670.2922,0.0,NaN,9.760204
4156.535,11.667918,298.0,1.0,4156.535,0.0,NaN,10.214147
4275.5176,6.7212195,298.0,1.0,4275.5176,0.0,NaN,1.4137447
4500.0,3.0,298.0,1.0,4500.0,0.0,NaN,6.229168
3989.4795,7.9834805,298.0,1.0,3989.4795,0.0,NaN,5.3061843
4053.578,5.279628,298.0,1.0,4053.578,0.0,NaN,10.294056
4049.31,6.668038,298.0,1.0,4049.31,0.0,NaN,6.019348
4275.2725,12.565218,298.0,1.0,4275.2725,0.0,NaN,18.24656
4276.2656,10.794779,298.0,1.0,4276.2656,0.0,NaN,6.637135
4476.013,9.927169,298.0,1.0,4476.013,0.0,NaN,12.755507
3826.1255,13.564846,298.0,1.0,3826.1255,0.0,NaN,13.34742
4429.6255,15.747595,298.0,1.0,4429.6255,0.0,NaN,13.435594
4069.408,8.581447,298.0,1.0,4069.408,0.0,NaN,11.245918
4321.556,14.16908,298.0,1.0,4321.556,0.0,NaN,7.4315906
4406.751,13.609877,298.0,1.0,4406.751,0.0,NaN,11.605021
4077.1318,11.03623,298.0,1.0,4077.1318,0.0,NaN,14.219552
4065.3813,6.503871,298.0,1.0,4065.3813,0.0,NaN,8.258971
3919.752,11.553212,298.0,1.0,3919.752,0.0,NaN,10.46417
3780.7927,11.364339,298.0,1.0,3780.7927,0.0,NaN,6.5690994
3715.2957,8.559253,298.0,1.0,3715.2957,0.0,NaN,2.7067633
4221.116,11.5560255,298.0,1.0,4221.116,0.0,NaN,0.85657835
4292.8076,17.92815,298.0,1.0,4292.8076,0.0,NaN,3.5797179
4214.624,12.742632,298.0,1.0,4214.624,0.0,NaN,5.521968
4257.5005,11.512782,298.0,1.0,4257.5005,0.0,NaN,2.1155357
3947.266,9.872619,298.0,1.0,3947.266,0.0,NaN,4.84336
3550.109,5.9086,298.0,1.0,3550.109,0.0,NaN,1.7478734
3905.0435,11.644031,298.0,1.0,3905.0435,0.0,NaN,15.7927065
4263.8076,12.682597,298.0,1.0,4263.8076,0.0,NaN,4.576984
4349.5977,13.469057,298.0,1.0,4349.5977,0.0,NaN,5.570969
4264.675,13.236542,298.0,1.0,4264.675,0.0,NaN,0.0
4162.1455,6.80837,298.0,1.0,4162.1455,0.0,NaN,9.014797
4481.6367,7.9465547,298.0,1.0,4481.6367,0.0,NaN,2.4433851
4347.576,9.887281,298.0,1.0,4347.576,0.0,NaN,2.7291536
4276.3135,8.5206995,298.0,1.0,4276.3135,0.0,NaN,4.872507
4170.9106,10.404304,298.0,1.0,4170.9106,0.0,NaN,7.816115
4025.0505,9.560339,298.0,1.0,4025.0505,0.0,NaN,10.485557
4037.0613,10.49363,298.0,1.0,4037.0613,0.0,NaN,10.930106
4035.2415,11.161467,298.0,1.0,4035.2415,0.0,NaN,12.052295
3867.0193,10.066857,298.0,1.0,3867.0193,0.0,NaN,12.318987
3946.7576,10.660551,298.0,1.0,3946.7576,0.0,NaN,3.5191894
3811.8728,9.848602,298.0,1.0,3811.8728,0.0,NaN,5.974674
4084.1516,3.6958094,298.0,1.0,4084.1516,0.0,NaN,2.5891483
3805.677,12.824848,298.0,1.0,3805.677,0.0,NaN,0.0
4014.2727,13.732946,298.0,1.0,4014.2727,0.0,NaN,2.5449424
3553.4417,15.143792,298.0,1.0,3553.4417,0.0,NaN,5.257222
3486.118,11.588551,298.0,1.0,3486.118,0.0,NaN,7.7984867
3671.767,6.6707015,298.0,1.0,3671.767,0.0,NaN,6.64404
3964.427,8.493027,298.0,1.0,3964.427,0.0,NaN,8.52476
4092.1025,8.043406,298.0,1.0,4092.1025,0.0,NaN,11.040935
4055.258,11.629624,298.0,1.0,4055.258,0.0,NaN,18.834871
4123.3174,10.172863,298.0,1.0,4123.3174,0.0,NaN,13.847899
4074.1746,9.685976,298.0,1.0,4074.1746,0.0,NaN,5.106428
4456.409,3.7696435,298.0,1.0,4456.409,0.0,NaN,12.275582
4299.0986,8.237152,298.0,1.0,4299.0986,0.0,NaN,11.434301
3994.7454,17.099669,298.0,1.0,3994.7454,0.0,NaN,6.621292
4136.96,18.6393,298.0,1.0,4136.96,0.0,NaN,12.208488
3869.0059,7.2876253,298.0,1.0,3869.0059,0.0,NaN,6.765303
4102.3867,3.0,298.0,1.0,4102.3867,0.0,NaN,9.002584
4031.6653,10.149681,298.0,1.0,4031.6653,0.0,NaN,4.5409203
4147.782,11.195008,298.0,1.0,4147.782,0.0,NaN,9.070593
4068.6804,3.0,298.0,1.0,4068.6804,0.0,NaN,4.9304543
4455.498,9.640951,298.0,1.0,4455.498,0.0,NaN,0.0
4378.0303,7.984647,298.0,1.0,4378.0303,0.0,NaN,5.6236687
3979.2356,8.986123,298.0,1.0,3979.2356,0.0,NaN,0.4129827
3935.9893,11.940355,298.0,1.0,3935.9893,0.0,NaN,10.1765995
3879.5942,11.881854,298.0,1.0,3879.5942,0.0,NaN,6.058854
4211.127,8.9504175,298.0,1.0,4211.127,0.0,NaN,0.47392547
4131.527,12.057937,298.0,1.0,4131.527,0.0,NaN,1.390323
4500.0,14.7350645,298.0,1.0,4500.0,0.0,NaN,2.596432
4415.877,12.123078,298.0,1.0,4415.877,0.0,NaN,10.635835
3864.5005,12.244098,298.0,1.0,3864.5005,0.0,NaN,3.467989
4370.4785,12.631297,298.0,1.0,4370.4785,0.0,NaN,8.731401
3922.1619,7.37082,298.0,1.0,3922.1619,0.0,NaN,10.184518
4158.498,8.363535,298.0,1.0,4158.498,0.0,NaN,15.497294
4217.2827,7.990727,298.0,1.0,4217.2827,0.0,NaN,10.187477
4439.0977,15.079049,298.0,1.0,4439.0977,0.0,NaN,9.265473
4434.194,9.767863,298.0,1.0,4434.194,0.0,NaN,10.500633
4156.0923,8.047413,298.0,1.0,4156.0923,0.0,NaN,0.0
3911.8894,10.471262,298.0,1.0,3911.8894,0.0,NaN,8.164951
4088.5464,18.107363,298.0,1.0,4088.5464,0.0,NaN,4.750413
4276.4927,13.723309,298.0,1.0,4276.4927,0.0,NaN,16.311943
3887.354,7.5969586,298.0,1.0,3887.354,0.0,NaN,2.9560356
3892.9585,7.2390084,298.0,1.0,3892.9585,0.0,NaN,4.766676
3976.4377,8.056216,298.0,1.0,3976.4377,0.0,NaN,2.922374
4187.6084,9.157186,298.0,1.0,4187.6084,0.0,NaN,0.0
4067.5488,7.47415,298.0,1.0,4067.5488,0.0,NaN,5.404216
3987.9028,16.702822,298.0,1.0,3987.9028,0.0,NaN,1.1353165
4136.4683,12.40643,298.0,1.0,4136.4683,0.0,NaN,4.379949
4034.036,6.8962255,298.0,1.0,4034.036,0.0,NaN,4.6753736
4285.215,12.424269,298.0,1.0,4285.215,0.0,NaN,9.109846
4283.661,12.360864,298.0,1.0,4283.661,0.0,NaN,5.4404554
4182.1743,13.62755,298.0,1.0,4182.1743,0.0,NaN,6.4363627
4074.2275,11.101305,298.0,1.0,4074.2275,0.0,NaN,3.2785268
4348.1074,14.441595,298.0,1.0,4348.1074,0.0,NaN,4.2043567
4227.2363,13.020615,298.0,1.0,4227.2363,0.0,NaN,6.973571
4169.867,13.229718,298.0,1.0,4169.867,0.0,NaN,7.8317494
4229.53,14.820209,298.0,1.0,4229.53,0.0,NaN,6.475663
3999.738,10.958329,298.0,1.0,3999.738,0.0,NaN,1.0671079
4408.5615,15.97224,298.0,1.0,4408.5615,0.0,NaN,13.921753
4106.275,16.29725,298.0,1.0,4106.275,0.0,NaN,5.7622223
3954.4124,10.414347,298.0,1.0,3954.4124,0.0,NaN,9.636718
3713.4575,6.1823015,298.0,1.0,3713.4575,0.0,NaN,13.556441
4356.924,10.052681,298.0,1.0,4356.924,0.0,NaN,15.52957
3975.9111,5.050087,298.0,1.0,3975.9111,0.0,NaN,3.4460754
4429.0996,8.609723,298.0,1.0,4429.0996,0.0,NaN,5.059841
3974.0676,6.804634,298.0,1.0,3974.0676,0.0,NaN,4.2757244
3771.8237,3.5371473,298.0,1.0,3771.8237,0.0,NaN,8.9370165
4041.8047,13.118214,298.0,1.0,4041.8047,0.0,NaN,5.8067174
4500.0,11.454932,298.0,1.0,4500.0,0.0,NaN,3.4641833
4076.3716,6.3709087,298.0,1.0,4076.3716,0.0,NaN,14.2034
4125.901,11.103038,298.0,1.0,4125.901,0.0,NaN,2.7087867
4122.341,10.814125,298.0,1.0,4122.341,0.0,NaN,11.388389
4274.7847,6.030865,298.0,1.0,4274.7847,0.0,NaN,9.435833
4277.1704,9.935932,298.0,1.0,4277.1704,0.0,NaN,0.9815812
4230.8096,10.732785,298.0,1.0,4230.8096,0.0,NaN,0.8090466
4476.4214,10.21304,298.0,1.0,4476.4214,0.0,NaN,9.005109
3869.498,8.680736,298.0,1.0,3869.498,0.0,NaN,11.039278
4500.0,3.3382025,298.0,1.0,4500.0,0.0,NaN,11.947149
4493.4395,4.45391,298.0,1.0,4493.4395,0.0,NaN,3.239593
4500.0,3.0,298.0,1.0,4500.0,0.0,NaN,8.751458
4415.577,5.307732,298.0,1.0,4415.577,0.0,NaN,0.3187567
4323.5923,15.080774,298.0,1.0,4323.5923,0.0,NaN,4.726586
4215.037,13.255764,298.0,1.0,4215.037,0.0,NaN,0.6204128
4002.9446,7.873158,298.0,1.0,4002.9446,0.0,NaN,2.2930205
3996.4673,10.72878,298.0,1.0,3996.4673,0.0,NaN,5.8781
4500.0,11.68434,298.0,1.0,4500.0,0.0,NaN,4.382047
3988.6624,3.0,298.0,1.0,3988.6624,0.0,NaN,13.762816
3782.4263,3.0,298.0,1.0,3782.4263,0.0,NaN,6.974435
3776.5854,5.635146,298.0,1.0,3776.5854,0.0,NaN,7.720485
4402.5664,6.8953047,298.0,1.0,4402.5664,0.0,NaN,8.160437
4455.7065,7.5572953,298.0,1.0,4455.7065,0.0,NaN,11.378068
3877.7322,6.6116695,298.0,1.0,3877.7322,0.0,NaN,6.870556
4399.6504,13.773148,298.0,1.0,4399.6504,0.0,NaN,0.0
3610.7354,9.128832,298.0,1.0,3610.7354,0.0,NaN,6.2319427
4340.8564,5.609466,298.0,1.0,4340.8564,0.0,NaN,4.7504425
4295.9346,16.17362,298.0,1.0,4295.9346,0.0,NaN,1.6704351
4500.0,7.7206097,298.0,1.0,4500.0,0.0,NaN,8.38176
4100.083,8.715162,298.0,1.0,4100.083,0.0,NaN,2.7494848
3797.9465,5.259117,298.0,1.0,3797.9465,0.0,NaN,5.5973587
3972.0063,10.260176,298.0,1.0,3972.0063,0.0,NaN,4.370305
4001.6633,5.9230967,298.0,1.0,4001.6633,0.0,NaN,6.8732142
4161.9053,10.4835205,298.0,1.0,4161.9053,0.0,NaN,9.301006
4131.685,10.365409,298.0,1.0,4131.685,0.0,NaN,17.172289
4500.0,4.702512,298.0,1.0,4500.0,0.0,NaN,10.751388
4076.7441,7.3787413,298.0,1.0,4076.7441,0.0,NaN,7.8007727
4468.161,12.531594,298.0,1.0,4468.161,0.0,NaN,0.0
4007.1677,3.0,298.0,1.0,4007.1677,0.0,NaN,1.7731965
3962.384,5.8312497,298.0,1.0,3962.384,0.0,NaN,11.463106
4102.7397,7.9651766,298.0,1.0,4102.7397,0.0,NaN,7.240686
3882.9285,11.984128,298.0,1.0,3882.9285,0.0,NaN,0.0
